1	444413716691	107.25
1	48676515018	245.46
1	48595640654	188.49
1	33297364505	27.23
1	48468312833	197.09
1	392042254587	103.86
1	48597176623	175.91
1	48451179657	192.00
1	395090675985	148.09
1	48379271685	221.91
1	443137369896	104.50
1	48458547366	223.54
1	446244082787	105.66
1	33642798276	28.63
1	48260496220	238.18
1	49560748362	87.95
1	48662757158	222.05
1	444628529579	96.98
1	49471555550	84.01
1	445328740922	99.79
1	48425437702	187.66
1	48336996425	234.67
1	48234292630	161.40
1	49212200560	79.53
1	392635922751	101.18
1	49504753273	87.98
1	441954742178	90.00
1	49177115645	82.67
1	48473986504	264.24
1	33235739755	28.43
1	48458022473	154.85
1	48441039827	218.48
1	48290185866	187.10
1	49436095062	84.76
1	48634839140	183.40
1	33481034563	27.35
1	441570950624	110.19
1	446942976693	108.49
1	48112123672	170.50
1	48657870920	165.39
1	444598912455	119.03
1	394329854551	138.70
1	48231903597	167.34
1	49353021452	94.53
1	48599584980	214.67
1	48238442798	176.44
1	444737591254	112.59
1	48676469900	215.24
1	48250398511	203.50
1	48376926654	210.73
1	48667376222	177.80
1	445552754641	119.13
1	48643690867	181.31
1	391892840619	117.69
1	48433691858	187.69
1	48287955681	268.15
1	48147042828	194.93
1	48288773402	220.09
1	442339346710	99.33
1	49254295789	79.00
1	391605270121	124.18
1	445577595632	124.55
1	445492505690	119.86
1	33311887562	29.34
1	444870064459	115.69
1	49380245330	89.02
1	48560267756	191.32
1	33255538263	31.53
1	441902743924	91.51
1	49135490987	86.67
1	48576258106	247.50
1	396392346449	99.36
2	443799759349	114.34
2	48503950413	190.04
2	48162622327	193.35
2	443930570491	78.29
2	49459907077	92.37
2	394078767706	137.96
2	48447907929	137.89
2	49450117526	84.35
2	33366472005	27.30
2	394445074184	116.61
2	48242219150	248.44
2	48294845787	171.14
2	49485961620	90.30
2	392881824623	121.13
2	49681327814	92.42
2	48135474761	156.86
2	48287004841	155.14
2	49149020112	75.27
2	443560338548	128.93
2	48573425023	185.38
2	48209741581	179.86
2	48457309408	175.90
2	48297062452	247.34
2	443472506226	116.92
2	48608929174	169.07
2	49442071963	88.24
2	49430264527	82.76
2	445832232562	110.13
2	49113641025	77.90
2	48432339988	216.98
2	49110424325	86.37
2	446612915874	137.98
2	48393276804	195.47
2	33562107868	30.70
2	441630626171	102.31
2	49157058013	89.49
2	395254393734	112.02
2	441650429092	116.85
2	391609073495	95.53
2	33345545093	30.47
2	49272770734	90.26
2	33337948350	29.70
2	48510065300	201.93
2	48332451088	233.52
2	33426687145	29.16
2	48320708953	198.81
2	48571973084	154.19
2	445954120702	132.64
2	395568246895	127.28
2	396581359972	107.63
2	48393625354	201.95
2	49239628403	93.21
2	48542618788	168.31
2	395324883581	83.97
2	48305582366	204.19
2	392649942266	124.72
2	33538830442	31.06
2	48632551059	203.29
2	445654568157	112.34
2	49603639311	84.89
2	48365856496	172.91
2	392546892644	103.50
2	48223289174	199.67
2	48153105616	199.65
2	48332681962	177.67
2	443590702391	101.63
2	443145625838	113.31
2	441198820601	110.12
2	48150459412	172.77
2	444685757257	129.33
2	48451675626	204.17
2	48467129689	182.23
2	49326944892	85.06
2	48479690036	220.40
2	49540116404	90.21
2	48171167501	209.32
2	443009603493	99.91
2	49136710139	84.18
2	48698882278	204.15
2	48531799894	184.54
2	33485504111	30.63
2	445273224024	110.72
2	48125456564	221.97
2	392888157955	116.03
2	48212994724	185.67
2	442072224730	123.18
2	392722624714	129.20
2	49611141948	91.48
2	48218808632	204.93
2	49582869175	84.59
2	48333188259	238.57
2	48634181406	187.41
2	33138227357	29.84
2	442018056147	88.39
2	48256229262	152.94
2	394016116419	104.38
2	48368504676	164.74
2	442971444536	116.33
2	48351128263	146.66
2	442778501832	101.67
2	444352093874	96.46
2	48564338419	212.94
2	33146753257	31.21
2	48140151147	207.36
2	48127813641	202.39
2	445254576318	119.76
2	395943786669	102.75
2	391717445440	111.63
2	48353748160	201.36
2	446429157180	115.34
2	49144265564	77.49
2	391185493167	112.85
2	33442155529	28.25
2	441828314823	95.89
2	49614239437	88.27
2	49440475988	80.51
2	49387579154	85.59
2	443919588714	98.56
2	48507558144	194.97
2	48475016771	199.62
2	444468158979	80.98
2	48440403334	193.17
2	444750791428	100.90
2	442140419208	111.28
2	48680471516	250.62
2	48503055000	247.58
2	442404775200	124.29
2	49623009658	88.66
2	48632982499	229.42
2	48286436575	218.82
3	48248655360	163.17
3	442568501301	118.61
3	48290405941	209.69
3	48473776759	229.32
3	444593288917	119.14
3	445513241412	111.04
3	445153808840	97.06
3	48432916856	239.22
3	48423799339	237.23
3	48609297255	176.54
3	396016057271	133.85
3	48184193036	196.09
3	48364209742	222.85
3	443204455577	91.70
3	33698432513	29.37
3	48316251341	186.80
3	49692883402	81.12
3	49423197627	104.44
3	444418745137	113.87
3	48409824982	175.91
3	49293178671	89.49
3	48575175587	196.60
3	48363401538	179.54
3	48488864602	190.35
3	48694592896	161.01
3	48300693478	233.54
3	49260085305	81.22
3	48231420781	203.20
3	48379856344	212.69
3	443073923063	116.95
3	48174662817	163.80
3	48121476569	165.57
3	33420554003	29.15
3	49285016601	84.39
3	48179233590	187.12
3	442806760358	133.13
3	48602470825	287.38
3	446511518625	147.41
3	33337801856	30.33
3	445112539925	85.22
3	441138216073	114.61
3	443256617519	116.25
3	48169321968	224.54
3	442179095188	119.18
3	33504281051	31.17
3	48200299046	157.99
3	48462004158	243.67
3	444352072145	88.69
3	48291935102	226.38
3	48304992579	218.59
3	48630759459	208.56
3	33468845455	30.38
3	441609376349	125.70
3	443401932567	113.27
3	49620396706	84.66
3	441594441323	121.31
3	442786433424	118.25
3	48434306922	254.70
3	48219510198	189.05
3	48597105959	233.26
3	49612077487	86.09
3	443498485947	110.79
3	444953347724	103.20
3	48250445443	223.77
3	48402981740	239.51
3	33356602514	27.28
3	48142938200	199.76
3	49438875094	86.66
3	443459921085	107.01
3	48625985890	218.53
3	48327615216	203.00
3	48362417192	232.90
3	49457391936	92.94
3	33380549334	28.54
3	48361133052	130.81
3	49390526059	77.92
3	49188987481	79.76
3	33651875546	28.92
3	444203801035	117.87
3	49224651310	94.80
3	48284575026	209.26
3	48285926471	200.21
3	48350720394	197.75
3	49613763042	85.60
3	49192212460	91.40
3	33228568371	29.05
3	48306411532	183.66
3	48265831066	193.03
3	48350825829	179.65
3	48405288651	176.80
3	49256285941	87.60
3	392489078990	143.48
3	446951436179	79.69
3	444745413307	119.32
3	49119917334	80.00
3	442043482379	115.59
3	48634265587	196.14
3	445458272967	106.30
3	49606617690	94.33
3	33487838910	27.34
3	48265485128	211.74
3	49500641455	86.90
3	48313761218	249.45
3	48168116829	222.91
3	49674146633	79.82
3	48140948086	193.88
3	49560318730	88.56
3	446692111162	129.17
3	442915916316	116.86
3	49467189670	83.83
3	49248697058	80.21
3	443515607556	102.73
3	446275537621	121.84
3	49328632906	86.73
3	394120178749	111.83
3	48238896305	189.94
3	48366084136	182.98
3	33516349969	32.94
3	49554611972	84.71
3	396856289106	104.40
3	49272190183	86.04
3	48305329922	210.49
3	49346911136	82.54
3	48635133454	209.20
3	445451499663	100.76
3	48574529304	179.56
3	48582001135	196.45
3	48219465100	169.57
3	48594755558	236.47
3	391202493857	134.87
3	48229137108	250.27
3	392705120920	93.26
3	33598279743	29.03
3	48188695647	216.61
3	49342116837	84.30
3	48164458454	247.87
3	49551636788	93.97
3	48127968700	233.15
3	443227428393	98.31
3	48351278000	190.43
3	444168440801	130.16
3	48619787941	124.58
3	446215814506	122.10
3	49483702887	86.80
3	441224395396	113.16
3	33111286185	29.53
3	444382872047	124.95
3	49315754950	86.41
3	49532279930	73.01
3	48145806861	237.91
3	49348938607	88.37
3	33434183310	29.03
3	48523235549	182.03
3	48641479564	217.22
3	48413435564	142.23
3	49522035661	84.45
3	445099446680	134.81
3	48324303572	195.84
3	48407815484	216.36
3	33295250197	28.17
3	33579071865	29.48
3	48200197876	217.02
3	48607392955	174.04
3	48228105100	252.19
3	49414541805	83.80
3	49570483786	80.23
3	446035092031	99.95
3	395118360804	127.75
3	48234572446	212.09
3	445018108710	132.06
3	48641427751	235.75
3	395958412214	190.84
3	446725043235	112.95
3	48628325061	220.94
3	48299287200	233.50
3	33300505160	26.07
3	48648091444	227.33
3	48685268178	214.96
3	49399479414	94.96
3	441901152385	107.43
3	394351953213	129.62
3	48546248035	215.81
3	33228480504	34.21
3	48133787127	236.13
3	49222180345	83.52
3	396321628969	144.18
3	445486256181	94.24
3	49684184638	92.17
4	445769680918	114.42
4	48168254990	248.71
4	391560404690	141.97
4	48355392587	227.99
4	444816498919	109.85
4	441185035365	124.30
4	33300071947	30.81
4	48601263817	229.94
4	48395341714	204.13
4	48613565911	181.34
4	49375768024	82.19
4	49665659442	85.54
4	48305606232	218.78
4	441850400888	102.75
4	48500912198	236.17
4	48648489324	206.72
4	446023717945	130.76
4	48386941690	185.37
4	49411018189	87.13
4	48421127828	285.90
4	49416265821	85.84
4	48484842023	230.72
4	446798783241	117.08
4	49232456377	84.67
4	33280841145	29.69
4	48654854182	186.19
4	48416190642	232.95
4	33398697611	30.54
4	33550370194	28.22
4	445187267315	105.13
4	48676955831	169.28
4	443372348421	112.37
4	48148797823	195.41
4	49281316224	75.75
4	48450714256	233.34
4	33238611352	30.99
4	49623774231	82.75
4	48393331935	219.10
4	48404056885	187.82
4	49447250115	82.06
4	48558946619	202.32
4	33171577916	32.36
4	48321298703	204.79
4	48391472921	186.93
4	444367239890	116.25
4	33648245575	27.03
4	446369328578	100.86
4	48643984026	218.58
4	48608188444	200.13
4	49569155177	81.43
4	392835582540	118.50
4	48229841919	241.45
4	48192340908	225.13
4	33206880579	27.63
4	33317009193	28.89
4	444694450406	122.85
4	48318158179	181.79
4	392380805599	119.30
4	48353220955	203.77
4	48247386715	176.84
4	443649747642	84.61
4	48363216140	196.63
4	48489686191	259.53
4	445818925157	108.81
4	394622597774	116.15
4	48193622943	190.06
4	48423262467	219.53
4	48115597461	226.78
4	48525786173	236.37
4	393738939732	139.72
4	396217615436	121.44
4	48645588622	236.20
4	48203640677	178.17
4	444962000998	118.58
4	442588170312	148.96
4	444435498503	100.39
4	444911794772	100.45
4	393655106388	137.17
4	442680121879	126.61
4	444508411266	105.61
4	48635699804	206.02
4	48489805837	203.30
4	49649867239	87.40
4	48561962783	205.04
4	444654383672	81.02
4	33388657436	29.33
4	48238234339	244.97
4	48163778427	175.08
4	49461357593	79.77
4	443811556419	126.28
4	446642148337	124.41
4	48200847742	227.23
4	48558284534	212.60
4	442944049167	139.96
4	48364603735	198.36
4	48395601675	188.30
4	33360574689	28.35
4	49281979144	84.65
4	445507326649	138.79
4	49534386268	78.36
4	48509227063	195.84
4	49450557936	80.67
4	33447106397	29.14
4	33523257952	32.55
4	391506427656	150.09
4	446456990460	89.56
4	48335509372	173.14
4	394528789571	94.26
4	445009802672	110.44
4	446854035866	110.09
4	48469995196	188.06
4	445916479434	99.23
4	49222675444	85.18
4	395309649558	125.29
4	393249159909	134.96
4	49418696955	86.03
4	441511156330	93.07
4	33237648206	28.88
4	48378159014	240.41
4	446591326636	118.81
4	391206311122	129.95
4	48250738794	208.18
4	48277807121	127.00
4	48583376782	227.66
4	49228989671	90.72
4	48165312029	206.20
4	48524288102	222.52
4	48673160178	205.20
4	49332385957	84.68
5	49423457755	85.86
5	48562229270	157.53
5	48130892772	195.24
5	48196778956	148.00
5	48335488802	164.36
5	48650350574	204.19
5	49549757541	84.52
5	48343005462	197.84
5	49170016490	82.78
5	49668488160	82.77
5	49151403569	75.23
5	442536029001	111.81
5	48158344529	165.53
5	49240638887	93.08
5	49581203257	81.31
5	441337705026	125.70
5	392649114224	145.12
5	443706695301	117.37
5	48406253864	201.24
5	48471722904	184.16
5	48601368167	197.20
5	33622291960	31.55
5	48545717436	220.94
5	48149103662	210.26
5	444534091595	104.49
5	33303166172	28.84
5	48320646129	161.45
5	49621665360	84.15
5	48526932078	206.16
5	48664382894	206.09
5	48395412994	143.29
5	48158799071	235.31
5	48292170889	190.07
5	48196141593	154.34
5	48398846124	130.18
5	446922591751	137.95
5	48402792234	202.75
5	48456029666	231.24
5	33471557742	28.84
5	48669726935	182.41
5	446504374711	138.92
5	33271290678	28.03
5	48346025892	260.97
5	442141167729	134.44
5	48692778902	238.78
5	48617026161	173.00
5	48578223330	229.18
5	48560701609	238.91
5	48450357734	204.27
5	49259074968	79.18
5	48313608479	227.92
5	48646626809	226.18
5	49386753863	77.40
5	444200779965	119.74
5	443346760578	113.53
5	394028104157	146.36
5	33673182667	31.42
5	446253198265	120.66
5	442690352842	109.57
5	441216066760	114.90
5	48250006217	218.48
5	48501747595	230.62
5	33455809143	31.10
5	33230736823	32.45
5	394525529614	94.90
5	48473206051	180.81
5	49184280052	91.12
5	393147424726	98.68
5	48516253321	183.31
5	441508923264	94.41
5	48447855583	202.63
5	48464543959	218.12
5	446837130123	94.73
5	48422224652	159.62
5	48535225456	215.46
5	33510035065	28.88
5	446330265325	109.89
5	49362767971	77.06
5	33524939764	30.39
5	442530500995	97.76
5	441204168863	120.04
5	48363321158	219.32
5	395899064059	138.85
5	48368176376	214.94
5	446227806892	107.07
5	445192330342	107.83
5	442516834571	99.73
5	48577116036	187.19
5	48291787525	183.15
5	48568021421	229.64
5	48440858380	260.55
5	49685401010	84.22
5	49414618316	88.16
5	444011015308	94.96
5	48415290750	214.72
5	444019178442	114.69
5	48354194058	169.55
5	441294348757	113.65
5	48424639201	191.26
5	48582111761	197.36
5	444149251107	92.45
5	33661854847	29.88
5	48370286254	205.64
5	49625345387	84.82
5	443196062669	86.28
5	445271928794	134.55
5	441799108387	109.89
5	49398228088	85.99
5	33462046477	31.10
5	48637939689	227.16
5	445343216445	108.43
5	48480091404	270.85
5	49281063035	80.07
5	49472859636	85.57
5	48656735624	202.13
5	441620544949	103.56
5	48492879865	212.97
5	48225288222	244.07
5	49669648530	75.30
5	48205815052	166.43
5	48549444782	194.07
5	442762496353	120.83
5	445071822884	101.80
5	48483413727	134.29
5	443933626365	116.22
5	48620389275	183.86
5	48615634187	155.27
5	33396021004	29.52
5	446273917706	104.85
5	394686833304	113.27
5	443627130713	111.97
5	33130641522	29.01
5	48199780213	225.52
5	33625692185	30.51
5	48628453371	205.15
5	442092003848	88.31
5	33194564272	30.79
5	48620555468	236.11
5	444414358657	89.09
5	48442655784	224.40
5	48621349268	200.12
5	48159652311	173.40
6	48241143439	247.91
6	48652520222	203.23
6	392288239200	153.80
6	48329171478	180.21
6	48473449937	216.33
6	441352789492	115.06
6	443810843713	104.51
6	33342024216	30.73
6	48534353570	225.64
6	48557283530	203.39
6	49692282946	84.53
6	446819450413	121.81
6	48698109014	220.48
6	33429363301	27.47
6	33110931971	30.95
6	442328448164	119.07
6	49459732968	74.46
6	445337625708	101.46
6	48119067006	274.54
6	49173827160	82.60
6	395132258881	140.12
6	444343432534	112.59
6	48313798922	252.14
6	48158421485	196.12
6	48125893137	278.14
6	48319090871	162.84
6	443332104518	99.43
6	48335542639	195.04
6	33342644624	29.70
6	49267025543	79.25
6	48561776271	224.49
6	49344849773	80.38
6	48519224639	220.81
6	33631818066	28.73
6	441893010136	109.95
6	48521220267	166.75
6	391553378447	135.18
6	443393644819	126.20
6	396836103903	166.20
6	445619663933	114.78
6	48153213882	197.05
6	49455701539	85.36
6	48521623248	205.61
6	442931665169	100.57
6	445184282881	107.88
6	33140677053	30.12
6	33584711664	28.00
6	48559962752	258.71
6	49201552376	86.51
6	48383355569	119.91
6	396903956494	109.08
6	444155610633	94.21
6	444420919227	104.89
6	48166989882	183.19
6	49560987677	72.18
6	48241754711	182.06
6	441336243340	131.11
6	48210604701	188.97
6	392749201481	92.01
6	48264311799	265.55
6	48429563323	161.72
6	48596968330	139.36
6	48176033149	271.75
6	444128830581	105.89
6	48485369153	221.98
6	48354473425	228.53
6	48665227074	164.97
6	444281657671	127.44
6	33580598033	29.64
6	48431344417	216.44
6	48269171410	249.64
6	48587462313	192.04
6	48427916328	204.43
6	49177495176	79.70
6	33477316249	29.85
6	394860034605	126.45
6	48553319021	212.82
6	442400304549	133.18
6	48464119039	203.52
6	444934668094	119.14
6	441118673550	129.90
6	392989976696	131.40
6	49657214331	90.13
6	48532549633	248.62
6	48292500447	211.12
6	48303677373	229.32
6	49499779533	80.89
6	446428073014	82.79
6	49287008727	89.66
6	48363958591	155.12
6	444804678801	121.92
6	441191232962	112.28
6	446881971446	119.63
6	442819913623	110.65
6	49208876520	84.58
6	33562839281	31.09
6	33348049092	27.82
6	49226517637	87.97
6	48652290977	235.26
6	49131781322	84.94
6	33438307462	28.58
6	49693080080	86.66
6	391905726122	131.92
6	49596733679	93.78
6	442303945661	122.65
6	446472890351	113.58
6	48327542385	208.69
6	443327899518	73.74
6	49191224967	85.76
6	392926790778	120.87
6	48490552919	184.44
6	48529900969	190.62
6	49689037799	83.48
6	49118830891	84.03
6	446650062120	114.40
6	444109334360	109.61
6	48676154323	216.54
6	444737557775	102.22
6	444426271693	105.94
6	443386721647	117.03
6	442225244941	108.79
6	441411368740	107.65
6	49386844778	82.36
6	49458424810	81.26
6	48463122646	222.12
6	443791251690	93.40
6	33464246304	29.25
6	49486447083	81.26
6	48697135566	233.74
6	33464608877	31.41
6	33111481274	32.06
6	48651187606	221.49
6	48155568558	204.00
6	48403395382	154.74
6	393551582156	134.84
6	33307830696	31.41
6	441458538204	105.49
6	48428959467	200.55
6	48566009008	218.81
6	48380316714	218.09
6	48252729800	214.85
6	48195071344	220.18
6	48387751612	195.88
6	48325515614	228.25
6	48353315578	234.43
6	49661441506	81.85
6	48464896712	182.01
6	33647894660	28.75
6	394288495448	139.15
6	48278702770	205.85
6	48494843539	189.65
6	33318397048	28.81
6	48236372539	198.39
6	393173092076	146.74
6	49609766073	93.25
6	48616065689	230.52
6	442701957510	118.57
6	48425551351	187.41
6	442189718868	112.16
6	48449974860	195.78
6	48216043352	281.85
6	48249772693	184.82
6	391393376998	138.02
6	49171495877	83.72
6	444405195323	128.84
6	395321413258	118.29
6	49183332651	79.45
6	48189702451	181.84
6	445606329447	121.04
6	33243242368	31.93
6	445976346746	112.38
6	49512628600	82.92
6	446274568337	96.73
6	48397355384	175.69
6	48172904612	200.70
6	445067572308	100.68
6	48247466821	167.66
6	48542108080	201.65
6	48374884125	192.57
6	393495748007	115.51
6	441311078174	118.78
6	48305564667	233.21
6	48286534687	188.72
6	49256797248	77.89
6	48486880447	221.22
6	443262181273	122.03
6	48459535234	242.35
6	49237300078	83.51
6	441291557111	114.40
6	444201126311	112.11
6	48319169123	215.44
6	48533695215	250.99
6	441390992386	104.43
6	445234662179	111.62
6	441559000653	102.78
7	48448253157	172.59
7	48298479137	204.45
7	445213761810	80.79
7	446277238086	131.97
7	33269867411	31.69
7	446894772538	126.47
7	48569181363	195.61
7	49453650269	70.67
7	394384809768	127.50
7	49630179059	92.83
7	48241849873	206.30
7	396247691571	132.53
7	396464478868	96.69
7	49618124944	78.70
7	48539783791	163.81
7	442642436002	74.20
7	48132041197	190.18
7	49402330838	81.65
7	48396278467	226.07
7	446475077483	58.63
7	48297036415	202.51
7	443336368831	120.41
7	394009493082	101.84
7	48384038595	191.70
7	48250457761	162.16
7	48148748457	193.20
7	48213048473	245.62
7	392723969208	147.19
7	48317150617	208.78
7	48617971279	221.17
7	441110522965	129.21
7	48193255137	230.75
7	446696331589	125.66
7	33291546285	28.53
7	48604194517	171.63
7	396312418377	118.20
7	441640554731	127.84
7	49147681831	83.84
7	33144451045	28.05
7	441670918175	94.45
7	33634466440	31.20
7	442613913929	103.72
7	391679982295	133.91
7	49535421306	85.45
7	48338821591	210.31
7	48690200611	136.58
7	33397511707	30.20
7	48434058277	192.01
7	48411697503	187.85
7	48294950230	234.59
7	444409033973	82.81
7	446890542773	122.36
7	445766335300	113.56
7	48659755886	222.81
7	48338679417	276.71
7	49627620561	81.62
7	442996347162	135.25
7	48300944788	285.98
7	49161933923	88.21
7	33139542986	27.72
7	49181279388	78.85
7	33462860208	28.09
7	49398340097	90.39
7	441733736109	110.69
7	48291339593	216.91
7	48658767454	142.31
7	33434848618	31.12
7	48666279830	173.27
7	33573797012	32.68
7	443980752388	99.43
7	49147071353	80.67
7	444580139054	83.72
7	49115340404	80.54
7	49566173250	97.06
7	445380759078	143.23
7	48447052464	200.22
7	443595603780	109.54
7	49367406816	93.00
7	48348177716	180.09
7	49304081667	91.27
7	446594229953	106.64
7	48382953452	255.30
7	442748379821	112.90
7	49298013186	86.34
7	48367809510	199.47
7	49145950168	81.15
7	48565687083	131.98
7	392929940614	98.06
7	445630476285	121.55
7	446710599211	106.99
7	446566630073	131.04
7	446197155987	133.55
7	442507748952	116.50
7	442167190765	111.46
8	48241172452	263.11
8	48401365735	173.39
8	441604779883	118.42
8	33693116230	32.05
8	443888326636	127.86
8	48238698366	244.06
8	49465513915	92.53
8	391477138435	124.80
8	441374574570	118.93
8	48567515730	205.24
8	49562093872	86.88
8	48289100405	218.20
8	48191324145	147.77
8	444487617261	113.76
8	446042907355	98.59
8	49254338749	89.47
8	445222799509	128.29
8	48252822335	189.08
8	33401585171	30.20
8	48205768061	186.15
8	446568574335	92.53
8	48493342493	198.06
8	48182350742	127.76
8	441493491983	101.44
8	48477342935	207.32
8	49152634176	88.67
8	48600106754	186.23
8	49356075977	84.52
8	441394362258	112.72
8	48593376281	218.15
8	49420567663	83.09
8	48200578439	200.15
8	48380007308	185.74
8	48212185071	233.46
8	33198375915	31.87
8	48345289330	244.98
8	48251215409	218.39
8	33274385245	32.22
8	48647965978	168.17
8	33273637442	30.61
8	48319386622	201.62
8	48697720566	163.05
8	395949128283	119.77
8	445931638308	102.93
8	33333871550	30.71
8	48200348214	144.57
8	33362024874	30.56
8	48474495255	198.33
8	49377876848	80.81
8	48148740374	140.42
8	49441347258	90.96
8	446601759484	100.14
8	444612150695	125.97
8	48507150905	220.04
8	392835934735	127.30
8	49650060499	91.29
8	446697384701	118.77
8	33356741274	31.62
8	49537470932	75.32
8	48574770486	224.71
8	443193512124	113.61
8	33329512674	30.35
8	48634162411	195.16
8	48214661161	222.29
8	396105896639	126.54
8	443509236859	110.84
8	391409979321	129.96
8	49349509044	85.62
8	48521734553	215.41
8	33286729136	29.95
8	446115562712	132.78
8	33568713736	31.62
8	48202969745	241.65
8	48308506064	186.16
8	445500729028	112.33
8	392560654274	146.48
8	49586329207	89.19
8	394748448560	120.80
8	48148948839	157.58
8	49376339073	80.44
8	48666731166	224.43
8	444056541260	106.20
8	443238198510	104.41
8	48317040033	161.92
8	391175557629	122.99
8	48300133055	231.18
8	446094418303	111.75
8	442546559321	120.54
8	441473107639	77.08
8	48673782278	227.45
8	441313792005	133.82
8	444177520776	92.64
8	48141905138	214.83
8	443285935393	112.24
8	446179305135	108.73
8	395215750083	117.69
8	48407197975	194.98
8	48641963432	215.20
8	49314543477	83.10
8	49221242462	82.84
8	445117664055	98.30
8	33601822062	29.76
8	48334170445	211.55
8	33231117587	31.71
8	48616910441	233.04
8	48287024471	201.82
8	48493947994	123.29
8	49637528717	86.80
8	48396778756	187.29
8	441598297400	117.04
8	48510261972	186.46
8	49647004984	79.19
8	48430858756	183.22
8	49526869142	76.43
8	442589841795	125.89
8	396547815825	119.35
8	446878695073	107.15
8	33253513473	28.86
8	49439206972	88.93
8	48375821941	208.19
8	49203841068	86.91
8	49697922488	86.26
8	443073297862	94.33
8	445218805949	94.57
8	48384690676	202.81
8	48192347421	171.86
8	48310593858	224.53
8	48601984728	213.80
8	49210810416	88.07
8	446716755300	80.94
8	444055982975	100.69
8	446582867249	128.89
8	444686212600	121.70
8	48633827129	182.81
8	442102957461	124.80
8	33118183160	30.99
8	443615937129	104.98
8	446627056341	104.45
8	48452425192	170.39
8	48358179637	233.59
8	33187690164	30.75
8	33548032016	30.04
8	49600582081	92.04
8	49150708358	87.09
8	48563356787	234.21
8	48198851353	225.78
8	48551237117	206.24
8	442831609971	119.64
8	48200548652	198.38
8	49224279885	86.54
8	33675081810	30.83
8	33486231178	29.32
8	442768713272	125.63
8	48661509427	230.43
8	48130165918	228.94
8	444346654723	110.66
8	48122368182	161.22
8	446348532735	111.28
8	49188219895	92.38
8	48116523272	223.22
8	445774810462	106.64
8	48429706167	192.89
8	48285104198	245.46
8	49292281267	80.65
8	446139236124	81.94
8	48439481815	187.42
8	48637944798	168.98
8	49618254714	86.47
8	48655881251	196.45
8	48593096459	224.81
8	391403635686	131.43
8	444660355828	103.66
8	48501732713	220.40
8	441213993571	118.76
8	49261885273	87.98
8	391172608505	132.95
8	49668654847	77.01
8	48667065236	232.93
8	49342847528	83.20
8	49320876415	73.09
8	33275959730	30.05
8	443750264398	116.34
8	48423808925	240.52
8	48142190365	174.79
8	33553529436	30.08
8	48307130422	194.98
8	48400470777	194.29
8	49165465045	91.36
8	446052817593	95.99
8	442705198790	117.22
8	48656002576	194.10
8	49357199067	88.03
8	445325518555	117.64
9	444393466545	118.13
9	48408521292	197.77
9	48469957453	137.79
9	48553117460	224.09
9	48589034534	186.77
9	48197984697	236.22
9	49421838244	82.07
9	441625568985	104.72
9	48419489517	204.37
9	33288311154	29.91
9	49126589743	79.56
9	48147556516	179.84
9	49366849472	84.22
9	48425719005	175.23
9	33571636141	28.67
9	49112405623	70.58
9	48450996277	184.89
9	49537700067	87.11
9	48419883317	166.81
9	48147845437	195.93
9	48665227704	211.09
9	48424330507	177.90
9	446445347408	112.93
9	49638220386	81.13
9	48391700205	203.81
9	442728828773	138.28
9	48449682217	177.27
9	48369995885	215.77
9	445981650025	126.29
9	446237100522	100.79
9	48274208392	198.67
9	444448781355	91.55
9	33182762117	30.10
9	441962696744	118.17
9	48517355796	185.11
9	393728541334	101.57
9	445374537609	95.84
9	48563419835	173.11
9	33210598658	30.66
9	48218614426	208.31
9	446218719902	99.38
9	33247702447	29.94
9	49404049948	95.15
9	49463275219	86.10
9	446637307740	117.46
9	48203414672	206.14
9	443158951650	113.12
9	48606538296	214.21
9	48629579009	199.43
9	393783404059	149.27
9	49438218614	93.70
9	394997348272	83.70
9	48678655519	190.91
9	395154170101	79.79
9	33130230893	28.44
9	49327118907	79.25
9	446746155807	95.03
10	48346319073	186.13
10	48264640778	225.69
10	446743122030	103.95
10	441448853411	128.04
10	396486676675	150.86
10	48490978765	229.12
10	33472459951	33.69
10	49352037512	82.55
10	48575604579	175.29
10	33399253261	28.32
10	48234497947	211.75
10	442452018881	103.21
10	396509950980	105.18
10	48447455435	173.90
10	443575292333	121.18
10	48142221023	192.20
10	49587838961	86.33
10	443475774378	109.56
10	48162792493	229.56
10	443384890644	86.56
10	445912973129	136.16
10	443494459025	93.87
10	48178081346	190.29
10	443934499918	133.33
10	442518138358	104.47
10	48246373683	203.13
10	446316898296	90.95
10	443540476848	81.39
10	441889993058	95.80
10	48657239644	168.88
10	33625540785	30.97
10	442964274416	94.10
10	48189950266	220.97
10	444476997724	102.78
10	48462024544	198.84
10	33361675183	30.15
10	48550352636	218.48
10	48138280855	197.32
10	49396502269	84.69
10	48202287966	197.34
10	442017530569	101.19
10	48117902751	222.49
10	48506702995	195.66
10	392376424813	119.08
10	49532931727	82.58
10	48242712407	188.19
10	48277037304	196.72
10	48630938791	203.16
10	33362118916	30.21
10	48544177994	214.05
10	446193980383	96.62
10	33423365244	32.74
10	446564842025	123.16
10	391291237080	135.92
10	445003904232	110.67
10	48253871050	173.79
10	48627175470	238.19
10	48287152853	261.69
10	396019090933	125.94
10	445198054616	91.98
10	48679250085	209.01
10	49301624646	83.16
10	49114453236	73.62
10	444370708740	137.62
10	48383531093	279.99
10	48226286494	268.15
10	33459327890	27.76
10	443794532991	148.69
10	48484122103	181.99
10	49294806852	88.72
10	445816330739	93.58
10	444584714568	113.84
10	33422224524	30.38
10	48636384369	206.03
10	48650747585	212.62
10	442052177688	113.67
10	48321177919	206.45
10	48667593434	230.32
10	48213954549	231.18
10	48144727869	211.47
10	48529430853	193.83
10	48337036389	263.80
10	442423465518	106.21
10	444266417233	117.73
10	49512870579	83.33
10	48484839257	182.46
10	48181878513	172.54
10	443185017302	112.39
10	33132763423	28.34
10	48201192209	201.44
10	444716483855	111.86
10	396224577780	131.42
10	48629998090	217.82
10	48208963442	189.56
10	441231038739	103.47
10	442904993394	86.41
10	443000293066	113.56
10	48618561286	226.97
10	48636215012	184.21
10	48443870635	194.80
10	48274523698	239.86
10	48135276413	200.91
10	33227188200	27.52
10	48372784552	213.82
10	48692810075	206.09
10	49174659244	80.14
10	33534659014	30.04
10	444746903470	106.32
10	49443341713	82.64
10	48693441683	173.57
10	442788077206	98.86
10	48696508386	171.75
11	395484415075	123.65
11	49202270858	77.52
11	391283611554	123.12
11	394528242033	115.58
11	446789572539	107.48
11	33670867605	29.09
11	33196317647	33.31
11	48440793663	247.97
11	446243685843	128.95
11	33335619944	30.83
11	444387943352	101.74
11	393922892011	93.41
11	48385010704	178.89
11	48190917756	186.06
11	446284167849	126.40
11	48451769279	204.18
11	48658492600	190.62
11	444632864627	107.73
11	393878015564	115.75
11	49365125611	81.78
11	49342164064	83.99
11	48520600459	212.94
11	48307835367	225.80
11	49464824769	82.52
11	48491591268	214.62
11	443802882380	97.01
11	49589507660	88.07
11	443499043980	125.03
11	48198088972	186.81
11	49260529062	76.39
11	48658605513	166.25
11	48222607685	219.59
11	49532231404	86.93
11	443897011335	124.42
11	442166930836	107.12
11	48258307755	184.79
11	441893958676	110.31
11	446192837354	123.43
11	48168727206	188.77
11	443199700243	124.34
11	33282244757	30.08
11	48520645751	246.21
11	49304120498	79.95
11	48263608402	221.87
11	444464184881	115.58
11	48636703975	208.24
11	49257476997	83.89
11	48662978192	187.36
11	444769104585	116.02
11	442697000304	122.58
11	48483320274	216.65
11	49411433623	82.74
11	33338984901	26.58
11	446040807093	108.32
11	392820568147	117.43
11	446801860603	89.59
11	48283022701	236.37
11	48405750321	238.18
11	395583791371	153.81
11	444078658047	96.37
11	49338794369	86.23
11	444683650170	102.70
11	49111545780	96.13
11	49332090694	80.16
11	48133141594	208.82
11	48443028864	186.38
11	445471714316	99.57
11	441198940074	113.18
11	445901048428	94.32
11	48558087172	200.59
11	48669433758	200.50
11	441300633279	133.64
11	33553674245	28.05
11	444788533668	95.02
11	446940211370	90.57
11	33218217508	29.04
11	49147377506	73.99
11	48690163221	184.88
11	49220032434	84.71
11	444666555832	103.23
11	443922332591	106.92
11	392254568738	95.10
11	444344759241	121.93
11	48601123438	201.32
11	49490163655	83.09
11	48633491899	161.84
11	33475525684	29.74
11	441488045693	96.48
11	48402318304	175.20
11	48444688085	249.38
11	392274093400	152.33
11	33506643022	31.40
11	445406812236	123.18
11	48670062606	192.27
11	48298102698	206.37
11	444482383365	128.98
11	33479824690	30.10
11	445193054318	104.64
11	49526231353	93.48
11	445484074557	107.09
11	48403280625	228.96
11	48193872019	225.98
11	48562276816	216.07
11	442169817380	100.99
11	48316896636	261.61
11	33584988622	32.11
11	48390530219	217.52
11	445304456672	104.40
11	442405900154	104.14
11	444422474188	116.04
11	443927021296	103.50
11	48372145825	138.57
11	48255514795	224.61
11	33572805493	29.01
11	444863257626	91.23
11	441295931546	83.76
11	446715878997	90.64
11	48633568294	226.47
11	441764007004	127.05
11	48459510123	183.78
11	49680254091	92.03
11	48680994890	242.67
11	48643069481	239.51
11	49498968426	87.07
11	48542157053	218.70
11	48258572971	212.28
11	443961501405	148.74
11	33410394654	32.09
11	48383942706	207.87
11	48263465256	254.45
11	395387723125	126.80
11	444109401418	133.55
11	441695341949	129.92
11	441654399096	108.24
11	48618768381	189.22
11	446477102239	119.08
11	443341490227	122.16
11	48293623740	210.75
11	33605199115	29.40
11	442253895770	93.47
11	444311225691	98.85
11	48288877313	213.70
11	391127128145	114.88
11	49373338344	83.21
11	48380140624	141.98
11	48667515277	222.03
11	48212597060	239.29
11	444947310688	103.95
11	442161490987	121.55
11	48512053126	161.58
11	48655971491	160.87
11	444461013498	112.28
11	33695931447	30.39
11	49661149516	84.13
11	396024639684	113.96
11	48453104869	180.89
11	48380584973	206.18
11	394460334398	129.38
11	48156433324	231.14
11	48299857971	173.47
11	445400108217	109.66
11	48154949747	205.88
11	49600412030	78.32
11	443412837556	125.43
11	49463122222	91.59
11	442940037359	105.04
11	442545038950	126.41
11	48460587332	223.09
11	442205313745	139.93
11	441747846939	115.12
11	49113305538	81.79
11	444951610207	110.19
11	446685357409	87.81
11	441428757281	90.15
11	444710748602	118.72
11	443476966586	98.79
11	48631280207	225.96
11	49270684246	97.24
11	444641075844	99.33
11	445914597426	104.03
11	48206001960	216.85
11	441135902533	96.68
11	48321459771	223.62
11	48189891578	179.24
11	33622606491	32.66
11	392476976120	119.21
11	49248473564	94.29
11	33120896710	30.60
11	444136164050	102.72
11	48407975250	212.95
11	49290032472	84.03
11	48296786731	198.63
11	442170695353	101.49
11	443568308408	110.11
11	48605824092	192.30
11	49656271797	90.56
11	48317630256	242.32
11	49321429503	83.02
12	33313631981	27.68
12	444424818650	93.97
12	33636029629	29.40
12	48208016925	142.16
12	48588187351	165.30
12	443321584852	106.58
12	48598917931	220.28
12	49261630147	87.97
12	48665831824	242.45
12	48662348386	167.11
12	48312992042	201.93
12	48169722951	215.28
12	49274729354	85.43
12	48290429979	192.87
12	393788378900	142.23
12	48395871774	176.36
12	48361285472	251.27
12	445021476552	116.77
12	33385918682	28.63
12	48462574350	171.46
12	49681427614	81.03
12	444870643680	68.53
12	394940596780	133.65
12	394207207352	87.07
12	49322700656	82.65
12	33680797708	31.72
12	48204035949	237.66
12	48158957380	180.91
12	33230726058	28.70
12	49210739247	88.64
12	48231886079	227.15
12	48622163443	191.52
12	441180177700	108.61
12	49407905029	78.18
12	48605837097	170.23
12	49643799857	96.89
12	392405708295	154.67
12	441308701617	111.62
12	444860720090	137.85
12	48517204811	202.27
12	48500229166	203.13
12	392725123886	145.78
12	394174598253	157.21
12	48291091737	119.56
12	48295745505	236.51
12	443341109695	84.83
12	33289921029	28.42
12	49244711043	82.40
12	49254329951	91.50
12	48395956414	195.33
12	33191776039	28.79
12	48516659233	212.68
12	33378563461	29.57
12	49126584637	85.99
12	444131272807	100.09
12	48482793827	150.51
12	49352366414	81.56
12	49449002525	95.65
12	48527493739	229.14
12	442868765099	85.50
12	48125679677	186.02
12	33523970435	28.54
12	445922476564	121.83
12	48548381419	190.87
12	392735675172	140.37
12	49555289328	83.54
12	48277224719	220.29
12	48615171640	179.09
12	49119071873	86.78
12	48328627419	245.97
12	441342871040	105.28
12	48392790642	212.64
12	48514213206	201.27
12	48663296749	250.89
12	446392717648	113.72
12	48122715398	166.15
12	33151819505	30.04
12	48640295970	187.11
12	49450045676	83.69
12	33245320385	30.52
12	49493154976	80.99
12	48460399495	222.76
12	48120543374	206.07
12	33555759793	30.67
12	48377819744	202.95
12	444148452364	108.15
12	392065867872	158.97
12	445106183463	108.50
12	443350443937	121.76
12	49651798620	81.07
12	49308794137	89.08
12	394586392033	167.46
12	33630522440	27.80
12	441595076805	97.10
12	445272238435	101.02
12	444649075327	108.92
12	49469919295	89.64
12	48319038805	166.71
12	48189740780	213.08
12	48400307492	208.30
12	446346795591	114.11
12	49616687049	86.49
12	48644442022	220.65
12	48587725753	178.04
12	48285209157	240.98
12	48625208264	183.08
12	33613083556	29.70
12	445989878837	106.61
12	48507581557	192.12
12	48556874794	215.48
12	48566419738	240.04
12	48533301180	232.30
12	33174665152	29.76
12	49324576383	100.47
12	441893069865	98.86
12	49246319454	81.66
12	49565690565	78.51
12	48277953386	216.74
12	33456281705	28.66
12	441245164032	104.11
12	394614626645	127.62
12	49695690732	89.74
12	396020289278	138.18
12	33120021948	31.06
12	48195071898	188.09
12	48666768135	170.41
12	48626708598	235.92
12	49566226186	94.45
12	441915774773	96.23
12	392633389668	123.81
12	392521768635	140.74
12	441808134213	139.04
12	444263846868	102.56
12	48628349249	260.42
12	48292226044	195.20
12	33699561343	28.77
12	396061509396	123.36
12	392772958680	132.72
12	48626231478	213.77
12	49394539751	84.82
12	33225772070	29.53
12	33188149843	30.83
12	48319115317	169.24
12	442121514271	106.60
12	33554838184	30.83
12	33278895473	27.88
12	395012241549	141.22
12	392128611986	138.65
12	443269429012	97.18
12	48211045532	250.02
13	48384296754	218.82
13	48328652991	208.50
13	391456418433	95.36
13	445778449780	125.37
13	395430697841	110.93
13	393119683256	107.62
13	33185372362	31.92
13	446756761396	116.73
13	48452777823	247.76
13	49132098667	95.43
13	392795811872	101.88
13	33154975230	30.35
13	48510828484	237.74
13	33235151751	31.80
13	444015391391	108.67
13	48643250520	214.70
13	48696781225	183.54
13	33579770018	31.18
13	391198427816	135.44
13	391682013383	147.77
13	48647860820	210.01
13	393104115355	112.96
13	49126667583	82.97
13	49173899045	76.75
13	396427811522	132.46
13	48329171090	215.03
13	446188334036	105.08
13	49304006591	84.53
13	442557748155	99.03
13	48325248575	188.81
13	441297835844	104.32
13	396236571070	125.52
13	48461186320	163.85
13	49490103637	79.94
13	48229571555	187.41
13	48239898084	212.32
13	48549927548	261.50
13	396787422062	100.59
13	49217299257	86.96
13	33446707258	30.95
13	395604943913	145.90
13	444372758612	125.45
13	48300825446	194.94
13	48457543201	275.83
13	442261966598	76.97
13	394282519586	128.53
13	48568665703	211.94
13	445122444022	94.89
13	48640286257	221.91
13	48189139808	210.31
13	48198378744	240.34
13	48440706218	284.86
13	48155340897	234.95
13	48385778727	169.47
13	443309794801	83.77
13	33529553856	26.83
13	48554601466	244.81
13	49182171390	80.47
13	445666468678	131.79
13	443214805319	137.93
13	48465904347	291.00
13	33161404112	29.18
13	48405210011	191.93
13	441190288328	128.23
13	48330869649	196.78
13	48203817985	217.55
13	49315473420	84.61
13	48619928034	231.94
13	48328171615	152.19
13	48453748027	219.72
13	33559587862	29.47
13	48379136947	145.31
13	48110332107	180.01
13	392306966734	161.18
13	48626702071	202.43
13	48534506791	215.68
13	394610890970	110.32
13	444636209091	108.76
13	446417802526	120.48
13	445058429634	114.96
13	48633691030	221.85
13	394706102499	120.11
13	48277372994	206.93
13	33290581271	31.62
13	49216382862	89.17
13	48171025785	232.89
13	33637819731	28.45
13	48679110471	207.67
13	49148618471	95.89
13	48695103036	220.93
13	444014288455	106.33
13	48596888387	192.24
13	33115726338	30.23
13	391804906385	130.78
13	33231525576	28.41
13	441279284372	119.45
13	396319737573	125.73
13	49438373756	86.05
13	33302800146	31.15
13	395828226518	136.97
13	48305681185	214.15
13	48622722373	131.29
13	33418140679	30.10
13	48618266087	176.03
13	48248948299	176.67
13	48320708331	216.79
13	48230778106	218.20
13	33254430581	30.07
13	48662391603	227.86
13	48572310142	231.06
13	444272210423	129.25
13	443425674680	120.69
13	48657527621	185.78
13	444299130783	134.01
13	48674899855	205.38
13	445810982408	112.85
13	48293892555	185.93
13	392864915797	103.59
13	49432211671	85.72
13	49562309423	78.72
13	48197970341	208.83
13	48261095208	196.00
13	445547588748	86.45
13	48559308237	192.48
13	33110493501	30.45
13	442559165315	120.39
13	48599230469	200.70
13	48554824183	193.35
13	49284334978	78.29
14	441292525480	120.82
14	442167507535	126.95
14	445892303204	84.54
14	48244031616	225.08
14	48589694746	186.48
14	443541331809	134.19
14	48412235929	222.49
14	48367888853	237.08
14	48304525848	202.64
14	48404862838	224.92
14	445453159536	133.40
14	49663804066	85.22
14	48415597736	243.15
14	49469614284	83.49
14	395347183110	139.97
14	392438373542	118.78
14	48629468796	246.29
14	446996968915	108.35
14	48237241891	196.69
14	393940709562	145.59
14	49612551907	87.65
14	48535143189	177.88
14	48253202716	175.56
14	48342041803	256.19
14	444312262953	91.46
14	48137477946	196.48
14	446939660884	107.64
14	48374093059	160.63
14	442079463559	111.36
14	49689571306	81.60
14	446003800519	107.97
14	441976369427	97.86
14	48590260446	209.78
14	49404041721	89.11
14	48406018904	237.26
14	49618534596	85.05
14	33600855940	33.94
14	48318395654	254.03
14	442079412529	100.09
14	443782327314	116.62
14	441449047105	127.33
14	48559950315	252.77
14	445769138303	121.02
14	48366749691	189.40
14	443884062042	123.31
14	48604021418	266.58
14	33614249513	29.18
14	443019051469	90.16
14	444462101593	121.67
14	446758967966	108.06
14	48695709632	189.00
14	48271048993	182.45
14	48511688308	185.69
14	48639331984	173.94
14	48698609750	221.46
14	442071955652	106.24
14	48314246159	230.44
14	444857915792	122.75
14	48389906773	239.98
14	48431401070	182.41
14	444221233260	108.61
14	48488502644	226.36
14	48171684768	254.31
14	446281397177	123.44
14	442980330935	76.09
14	49543548153	80.55
14	441366950564	123.58
14	48343311910	220.21
14	49411489682	81.81
14	395964561160	130.85
14	49563027908	86.20
14	48359684061	241.82
14	48271159536	191.85
14	33691564757	30.49
14	33656154132	27.97
14	444773949719	110.53
14	396975260593	120.41
14	48183719184	204.73
14	49600713716	83.41
14	441984515569	130.05
14	48587550563	181.74
14	48686524475	217.85
14	49595054712	86.03
14	48631272524	172.51
14	49148837757	84.16
14	446661930217	126.43
14	48344048098	233.72
14	48128686979	284.53
14	49535076213	80.57
14	48138910933	174.91
14	49646459077	83.75
14	48283469878	198.34
14	445579609884	89.96
14	48594214763	176.68
14	442613873702	111.54
14	444237847174	118.12
14	441893028000	120.43
14	442443927593	125.44
14	393311648665	150.49
14	48266344378	234.74
14	33684424566	29.77
14	48235975576	258.46
14	48527885392	206.12
14	444105379766	102.69
14	48495413949	222.87
14	49695733580	87.49
14	442588285997	114.78
14	48434355606	137.27
14	48490282536	184.91
14	49387457850	81.49
14	441719864041	81.06
14	48684807546	204.33
14	48318537057	138.56
14	446806535581	106.17
14	443899287362	109.05
14	33591177853	27.71
14	48432071207	198.30
14	33224805713	30.48
14	445423979169	122.72
14	48419430049	176.48
14	49262101325	85.47
14	443281419186	104.96
14	49516109110	91.26
14	48381025661	243.72
14	33275903532	32.36
14	48657805417	213.35
14	48599383883	187.47
14	446184995193	111.43
14	394322909258	110.95
14	49342425615	85.22
14	33682484947	28.76
14	48136278010	174.91
14	446010349012	115.98
15	48450392152	165.60
15	445764524531	115.79
15	48161710488	253.53
15	48459666107	213.32
15	445325154821	84.86
15	444675113056	101.92
15	392378619105	141.34
15	48414724322	192.13
15	392109992249	117.67
15	49524871915	79.24
15	48544346406	187.01
15	443763310118	104.07
15	442821561825	74.81
15	49608269646	87.15
15	33473705997	29.63
15	395768186612	131.66
15	49656996288	89.59
15	48153909315	168.27
15	48626328484	219.38
15	441262288542	101.46
15	446485548394	119.82
15	48645598927	225.25
15	48294663454	187.01
15	394832367381	134.09
15	48387155332	206.50
15	48328579021	186.78
15	443263141276	93.99
15	443131282316	102.04
15	441527994566	115.67
15	49228780908	81.98
15	48337646516	162.89
15	33136720600	28.85
15	48508796047	225.30
15	33333769353	29.48
15	48645849557	215.33
15	446589225709	101.57
15	33572535025	31.70
15	49320632017	79.01
15	48493262280	209.40
15	48583913256	215.99
15	48173495582	157.02
15	48513060347	207.05
15	48512216527	228.44
15	48243529361	172.55
15	33627716972	31.52
15	441608052629	127.60
15	48471827394	183.83
15	441560673815	121.22
15	446467086336	100.78
15	48250901279	210.37
15	49274151195	71.91
15	48335115135	146.58
15	445500995740	92.62
15	48113265883	171.47
15	48233597934	206.69
15	444869320424	104.41
15	48317818215	242.13
15	48140232495	160.18
15	443186551236	128.87
15	48223212245	248.51
15	49616934457	85.75
15	49675592088	77.67
15	443082118414	93.48
15	49375411434	83.10
15	48154139799	183.77
15	396942827603	116.40
15	446698806610	130.76
15	394866294288	165.24
15	48441093976	193.85
15	48219810420	198.40
15	48325185396	145.91
15	48152815047	142.74
15	395141449233	116.07
15	48649562078	228.68
15	49120903367	95.76
15	48211384221	242.83
15	48659561755	204.39
15	393239187596	120.53
15	48159771778	147.19
15	392025112897	112.15
15	49209303098	79.79
15	33290951949	31.58
15	444845231762	114.75
15	48129783934	146.97
15	49495345710	87.96
15	33542590210	29.95
15	48616672887	251.93
15	33371597086	31.50
15	48615359307	190.64
15	396473737529	106.18
15	48458916841	182.93
15	48468039488	192.88
15	445137397835	107.85
15	48342876635	212.93
15	442890879116	106.84
15	48398131287	166.52
15	444054983797	73.71
15	445194238247	111.20
15	443855231162	129.42
15	33228763314	29.11
15	49211852240	83.37
15	48480615768	219.37
15	49551165873	80.24
15	442375861922	76.40
15	48163324407	250.54
15	48160558034	265.20
15	48343299157	200.76
15	48393218249	196.52
15	48446189030	208.91
15	443009237366	136.03
15	33187089866	29.65
15	446088710180	116.71
15	49686764133	83.31
15	33274443103	29.23
15	48564162897	198.40
15	442296386311	119.24
15	48427768963	265.43
15	49206328769	94.80
15	446460380954	93.97
15	48186343606	195.76
15	396395726624	137.83
15	442280807536	116.14
15	49126880299	86.94
15	446259330611	140.75
15	442543274382	109.46
15	441541199908	102.09
15	49375346115	84.42
15	48138024864	189.71
15	49604219936	87.01
15	33489060596	30.36
15	48164934079	247.24
15	49316245574	83.38
15	48629785470	232.55
15	49620140926	88.89
15	441374736030	120.40
15	391713024874	145.26
15	49367201598	94.48
15	33188080608	30.00
15	442365365947	114.86
15	48439469336	222.24
15	48245414884	159.60
15	396198884674	100.15
15	49116354565	92.73
15	396301938463	171.90
15	442306658220	79.23
15	441233700466	82.78
15	445805236506	113.55
15	443040939416	111.21
15	48180628395	173.63
15	49419631881	94.33
15	48324327109	196.90
15	446666960058	98.45
15	395478255687	119.21
15	48171434775	279.12
15	49583512325	84.84
15	395598350603	107.15
15	49253607271	89.88
15	48348287222	197.65
15	48499598726	214.18
15	48499692076	205.39
15	444246257316	122.64
15	48277634197	150.14
15	396836065851	127.68
15	48611169553	195.23
16	443948854223	105.38
16	442072415765	126.23
16	393660844562	129.27
16	33263294696	27.33
16	48316033660	215.71
16	48533841317	189.03
16	48160593024	170.90
16	49606802510	85.20
16	442977740179	103.73
16	48299792526	175.54
16	48688414148	208.77
16	444422494235	108.10
16	49396597390	79.80
16	443373023083	108.83
16	48196485433	139.75
16	49428989627	83.39
16	49469708121	83.63
16	49319184501	84.35
16	443018345360	93.15
16	49557165765	87.39
16	445995379272	85.70
16	442000873304	98.89
16	442576838223	103.12
16	48617956572	187.20
16	48395245076	201.88
16	49662121848	90.12
16	444289337321	116.76
16	441454115753	105.36
16	49216906693	85.56
16	442025167554	103.11
16	446656171168	111.95
16	48418264085	202.49
16	33605527460	30.74
16	48560946697	288.45
16	445613026870	88.08
16	48190053425	192.04
16	441899071030	104.47
16	444699788110	102.55
16	48230948426	196.48
16	48549809589	201.99
16	48288811725	184.81
16	33460627377	28.58
16	444542380901	111.34
16	48181461362	218.50
16	445337615966	97.60
16	446827267053	128.28
16	441959152263	130.96
16	49618913954	80.30
16	392362697300	126.27
16	48248640277	219.89
16	48452741734	162.83
16	48257779593	235.57
16	49263627293	83.30
16	445557806497	86.75
16	49353123887	87.01
16	446685260939	87.37
16	391725307831	142.45
16	442743705788	126.14
16	49397991605	81.07
16	48269640829	195.91
16	48126250863	212.49
16	48217211921	182.30
16	48392568028	229.74
16	48549630639	165.59
17	49437582879	84.40
17	48317381912	231.36
17	33512183101	29.74
17	444791781795	111.11
17	48471132298	238.66
17	48521079841	202.49
17	442716935502	121.36
17	48270335650	185.06
17	48677352468	186.54
17	446678385872	101.80
17	48473981894	217.53
17	444230878371	134.93
17	391517651555	140.45
17	48163236230	256.45
17	446228009727	117.81
17	394809514676	147.68
17	48308946922	234.58
17	442191927735	130.63
17	48667951582	227.43
17	48580311666	195.87
17	49465183317	81.36
17	48538618513	234.53
17	48366926222	196.49
17	33414085859	29.29
17	49222687931	88.56
17	445955938668	126.31
17	48572524455	206.61
17	48192657102	189.61
17	48350107670	143.90
17	394998295049	121.87
17	394017191310	138.20
17	33210313041	30.62
17	443300349871	109.92
17	441352815592	116.16
17	48191327170	160.62
17	441536036002	118.27
17	48665389849	176.63
17	48667693957	190.99
17	48587284901	189.26
17	49507423541	80.91
17	33292711920	30.16
17	446954176484	121.43
17	393560208615	107.71
17	48371996716	243.47
17	446306384459	125.46
17	48658356308	202.16
17	48431189498	200.01
17	441270194267	106.73
17	441893186640	103.67
17	395314206398	124.55
17	393799659541	111.99
17	49164764008	83.82
17	49216174881	87.63
17	396765361570	151.56
17	48574443925	199.51
17	48477249620	207.72
17	48401569218	217.93
17	445324438474	94.12
17	445849959523	113.72
17	49437899019	89.98
17	48485676865	219.93
17	48550377626	225.64
17	48262189044	194.07
17	49588687641	81.19
17	443163991297	92.93
17	33500097276	30.06
17	48591175402	175.01
17	445093469609	129.90
17	446489128794	113.98
17	48490530907	236.01
17	49603452904	86.15
17	48137876566	242.79
17	446654771147	91.99
17	48299322204	227.89
17	391199967036	99.16
17	48505536416	234.56
17	48444473767	205.50
17	446587798695	124.49
17	48688248822	193.06
17	33298048810	28.11
17	446024148512	114.78
17	394578912100	123.04
17	48325288749	198.75
17	33354527043	28.31
17	49243203411	85.95
17	392868661239	152.12
17	442316133576	102.22
17	48525360100	210.18
17	48475161178	195.38
17	444520563499	111.00
17	49573553360	95.31
17	443597709515	116.34
17	48382458990	219.24
17	48512816816	228.13
17	49147763072	78.78
17	48157321817	186.22
17	48609568849	300.69
17	48692156802	188.33
17	48604647567	247.76
17	446705852909	134.58
17	444219584855	115.67
17	443715242234	131.25
17	48442489854	199.53
17	48530578258	187.80
17	48453718727	254.72
17	48684305738	181.55
17	48527883169	245.87
17	48386248042	209.82
17	49523115233	87.17
17	393806915962	107.09
17	33595485129	29.70
17	48409645815	281.10
17	392631178414	100.93
17	443687254067	162.25
17	392962020264	139.05
17	48170513419	207.97
17	48180471916	209.17
17	48285825738	180.41
17	394185320834	106.99
17	33272625876	30.82
17	48601567551	207.39
17	445716082830	101.58
17	396592928954	150.50
17	33168568349	30.70
17	444945554068	113.05
17	49333897938	91.13
17	49501886830	88.64
17	49392651018	73.09
17	446029328815	88.20
17	48142967908	182.81
17	49243391633	90.03
17	442635288307	101.98
17	49487205162	89.74
17	33545752774	30.49
17	444992236636	105.38
17	396462914096	112.91
17	48145832463	154.60
17	391320178423	160.94
17	445087287832	83.99
17	49688630379	90.80
17	48389573741	189.03
17	444889646308	97.90
17	443546128105	105.90
17	445675271737	116.53
17	49656761007	91.21
17	49410010897	86.69
17	442163494763	116.96
17	396699274973	125.98
17	48510146382	178.92
17	446882258057	92.08
17	442329123110	103.01
17	49673518512	86.48
17	49237765315	87.03
17	48599180312	262.76
17	33634804483	31.91
17	49698852334	84.89
17	48329079082	219.01
17	441968548511	109.63
17	445127713223	100.11
17	48257757688	147.94
17	48659964898	220.16
17	48368874422	213.30
17	441873282971	112.61
17	396365096885	133.88
17	443017050828	102.53
17	48358698116	225.08
17	395969235051	123.09
17	33302539512	27.63
17	444799563549	121.69
17	33603318524	29.19
17	49541509270	89.42
17	48693564679	215.38
17	445252958808	113.96
17	396195385536	127.53
17	48570690536	205.66
17	392475513398	104.59
17	49134850866	91.17
17	49213708707	89.26
18	49665643667	88.85
18	49356844666	76.21
18	49682432866	85.96
18	48642403784	180.76
18	49250489922	89.79
18	48604244705	198.40
18	446370240026	95.08
18	442936738463	129.15
18	446037924110	113.32
18	441975774642	116.29
18	392968546815	123.34
18	443662144124	139.04
18	48428390431	215.79
18	442087483271	102.03
18	33270087582	29.99
18	48290156898	226.75
18	393062596705	119.01
18	48449961259	179.39
18	49425437264	90.90
18	49328327642	79.38
18	49349022166	84.36
18	48502127670	195.18
18	49633218563	82.81
18	442724726889	99.07
18	48279102552	225.08
18	49290480681	85.16
18	49694864415	85.97
18	441529135315	107.50
18	48292823357	235.79
18	49372880484	88.69
18	444584363296	90.72
18	49572198591	82.28
18	33458710443	31.47
18	49258627833	84.66
18	444381988714	96.95
18	48698604332	217.11
18	443658577856	104.24
18	49606003311	87.17
18	48476687966	198.14
18	444611111144	99.32
18	443072009110	127.42
18	48166797366	214.02
18	48326800452	197.37
18	442925997422	100.36
18	48431911036	198.43
18	441967561953	113.72
18	48446344947	233.88
18	396326926866	113.93
18	441430710771	116.71
18	392604120610	131.43
18	48151048637	271.19
18	443901300644	119.84
18	33472660968	29.04
18	48451334823	154.06
18	393100120864	118.46
18	443177104656	97.25
18	441687037592	86.85
18	446333640494	131.06
18	49376487989	84.31
18	49478395407	90.90
18	442294686818	131.63
18	48450924042	235.51
18	49248526911	90.29
18	48646032565	235.96
18	33604559986	28.94
18	48653183573	186.70
18	442891261123	97.13
18	49390564766	89.17
18	48463563376	150.19
18	445223863014	127.13
18	49482939342	76.57
18	48595303724	172.07
18	48151838415	195.23
18	49257740858	77.39
18	48160522263	177.96
18	48645931940	206.89
18	48592017820	194.86
18	48161277663	184.83
18	48118470737	204.55
18	49396637433	81.74
18	48534457526	190.77
18	49671550394	82.88
18	33449174557	26.08
18	48496420229	222.82
18	48426237597	231.49
18	48377990839	183.94
18	48350627432	194.67
18	49351818330	81.85
18	395153001367	125.83
18	48647429942	191.94
18	48480993439	252.31
18	441763630399	110.15
18	48484897366	201.91
18	392168534019	106.53
18	48236769349	188.86
18	48503460038	205.28
18	446597249699	118.45
18	49390877372	82.88
18	396666167696	101.17
18	33261783222	29.17
18	49633830097	86.10
18	33457544513	29.09
18	48348504402	151.44
18	33153396451	27.54
18	33131102855	31.14
18	48160869217	163.47
18	33389506155	34.17
18	48198271726	190.31
18	33561742590	31.18
18	441964573395	115.97
18	48643859691	182.69
18	49564267590	97.31
18	48383986122	197.50
18	48114689645	195.31
18	48664337238	211.29
18	393788533694	133.37
18	443709939062	87.27
18	48698445767	220.05
18	49299986544	87.70
18	395869899707	133.64
18	445205930669	121.71
18	48198176970	220.92
18	391509798866	136.84
18	48248418836	203.98
18	48427330072	200.51
18	48143796315	167.77
18	442086161485	87.66
18	49217582069	85.07
18	49454636829	75.02
18	48390586408	214.61
18	48207900053	307.78
18	442902851454	118.44
18	49192141050	79.71
18	445518726003	101.50
18	49189115259	94.61
18	443554187934	120.13
18	33235090728	29.89
18	48431266675	208.54
18	48438648617	240.55
18	49180471752	82.51
18	444238128752	77.98
18	446414123986	122.95
18	33156027613	28.04
18	48244946174	172.02
18	48300427765	240.72
18	49572568889	78.70
18	445016004555	113.72
18	48627564041	217.61
18	446966402935	103.46
18	49421505575	87.22
18	48685505710	243.68
18	445979027897	100.61
18	395948530819	139.26
18	48189160299	233.89
18	48277232954	154.03
18	391454910024	107.38
18	33180753156	32.34
18	48196472922	204.63
18	392045696763	111.73
18	49669253142	85.79
18	48549122135	163.84
18	49551714184	81.64
18	33388958424	30.87
18	48629394130	186.16
18	33123154352	29.00
18	443555290505	108.27
18	48260969453	177.85
18	444569557335	122.48
18	446142022329	115.31
18	48506024691	195.32
18	391952796501	119.56
18	33458525738	32.42
18	48582777978	210.31
18	444494250225	119.35
18	48516949702	246.99
18	441443511638	74.28
18	49320802909	81.87
18	33527747104	31.36
18	49687941061	87.05
18	48177256526	210.53
18	49449748687	85.89
18	391323675354	132.76
18	48277724238	290.43
18	441251311508	109.51
18	443675495877	100.82
18	396544319839	145.74
19	48626023980	169.90
19	48496986739	182.54
19	48461448203	186.00
19	48397036165	219.41
19	48341348446	147.47
19	33348623933	29.40
19	443010482964	122.57
19	49455724151	74.82
19	48389367423	206.12
19	393176151470	125.06
19	49166055965	78.44
19	48579729469	246.36
19	443611737096	114.93
19	48420952765	233.31
19	49245137060	85.58
19	48172202300	194.69
19	48693566526	196.04
19	441714910438	105.51
19	446223227473	112.14
19	48130682443	214.68
19	48393618825	186.24
19	33516498830	31.47
19	49346848711	84.48
19	48533252440	284.35
19	48418009504	224.47
19	48259263675	225.24
19	391657495330	129.47
19	393886393938	109.03
19	49515531248	87.44
19	442151159127	107.40
19	48367596856	273.88
19	391312695179	148.99
19	48680180997	210.28
19	442539145694	85.40
19	444735138275	80.12
19	395614385092	171.08
19	48664326132	255.06
19	395946437184	111.69
19	441988288782	101.09
19	446740586780	109.20
19	49216427038	86.21
19	48663984119	207.89
19	48469385181	173.12
19	442804859964	116.05
19	445153038636	102.17
19	48569459090	212.74
19	49598083149	91.93
19	48376036162	200.49
19	48575920775	221.21
19	48304781297	201.00
19	49138912308	84.24
19	444711166221	82.83
19	445795769032	112.26
19	48674125452	173.39
19	48553834252	178.20
19	443934741134	122.24
19	441807977851	117.24
19	48527948944	168.36
19	48233756637	225.80
19	48607519351	224.77
19	48448934602	207.61
19	48406218038	195.44
19	443091665409	102.71
19	48200351020	245.03
19	442173947475	104.46
19	49328037953	78.74
19	48591209183	186.20
19	48348934497	194.84
19	49375623411	79.22
19	49245413250	85.84
19	48525816900	184.63
19	49674072770	89.16
19	394405913158	136.04
19	49680518064	80.59
19	48357480660	192.87
19	48365053309	212.74
19	49258237609	88.87
19	48191411227	277.32
19	49526228359	83.03
19	48644707085	210.59
19	48514757387	190.34
19	48407596015	192.72
19	49591443243	84.97
19	444737390554	121.13
19	49620989506	84.23
19	33114103354	31.17
19	48599309273	181.87
19	48333737682	221.60
19	33110981353	29.70
19	48407593963	152.49
19	441282317069	84.70
19	48540921971	179.75
19	48502398474	191.89
19	48263433129	176.54
19	396969659815	131.75
19	446598678848	72.63
19	49479315955	76.07
19	392937424802	114.93
19	441382265328	152.02
19	48534187916	180.25
19	443274673313	113.15
19	48359313266	197.34
19	48227388154	213.55
19	394464751519	156.47
19	443391509033	101.87
19	48330612540	225.55
19	48580129037	229.35
19	48426704898	230.53
19	49434419754	83.53
19	49343913330	78.61
19	48579117184	196.80
19	443531768280	100.49
19	48284194691	190.40
19	48502732624	232.91
19	48448901206	251.71
19	396206814455	135.14
19	446020735275	97.52
19	445835665828	114.88
19	48675841673	236.82
19	443125086736	118.04
19	48353744019	195.52
19	33236656034	28.03
19	48516790788	232.81
19	48344598884	217.29
19	443857927082	89.11
19	441902541482	125.97
19	396057934834	113.10
19	443199787102	116.22
19	48293027905	239.96
19	48421673023	188.87
19	446460546020	113.75
19	441873462093	98.77
19	48169917137	205.14
19	442799327826	104.18
19	394448604304	119.92
19	49367841988	81.45
19	48265550066	200.39
19	48658298923	235.95
19	49582199542	87.16
19	49420132429	80.70
19	48512318079	231.87
19	49189724147	92.34
19	48697869390	176.88
19	48431039498	224.15
19	48616746833	174.40
19	48132930120	184.03
19	49341122506	85.47
19	49376739207	77.55
19	395225429643	146.23
19	49468013313	76.30
19	48471290829	260.62
19	393942609981	159.07
19	445053104606	121.07
19	48212232107	183.53
19	48419859169	159.91
19	49475405744	95.29
19	443674394057	125.06
19	33356249090	29.22
19	33613342919	30.51
19	446411048600	96.85
19	48531522692	201.40
19	49440118212	82.05
19	391960718068	131.78
19	48677633014	253.57
19	443391952364	86.23
19	48656709593	238.88
19	48564790067	267.37
19	48211644641	206.14
19	49460933519	85.87
19	393149922983	127.37
19	48205750510	202.51
19	393898362974	96.02
19	49451610000	84.34
19	48140841648	197.26
19	48420314608	164.42
19	48222296716	184.75
19	48260803044	244.85
19	48456080266	250.79
19	48392915958	235.19
19	49521369023	87.76
19	443226513349	113.59
19	446937197622	113.10
19	48385699261	210.40
19	48384488238	186.16
19	48203168925	186.37
19	48440819269	165.53
20	48326294271	201.77
20	48588271274	221.34
20	444229938476	106.33
20	48565233540	223.37
20	48118278681	228.65
20	48207586027	230.52
20	48116751035	224.10
20	48232896975	220.69
20	48194136193	191.21
20	49362455726	85.04
20	49697880462	79.75
20	48307474141	201.42
20	443128377928	123.48
20	48655036422	261.60
20	49609536531	78.64
20	33295080225	28.92
20	48259289357	198.49
20	48362552146	187.43
20	48223751363	224.18
20	48591786784	231.57
20	395219175153	100.19
20	48209849565	182.54
20	33635997947	30.54
20	444037548256	103.32
20	48504224883	142.24
20	395404807606	79.41
20	49267292729	81.09
20	33213301755	30.09
20	49324565999	82.87
20	48487318923	135.54
20	48686140568	202.47
20	48299065627	211.29
20	49386608116	88.95
20	445397127704	120.89
20	49298033436	89.67
20	48639214590	174.69
20	442485415981	112.21
20	49649642275	78.94
20	49677619083	78.44
20	444282620762	107.96
20	33256346662	30.58
20	49677319948	92.35
20	446400587044	115.54
20	48328939054	260.73
20	48111970712	188.00
20	49223247857	85.89
20	391260910072	90.57
20	48561691890	182.77
20	33147569641	31.05
20	33174462419	29.86
20	33116312867	31.10
20	442401745937	118.24
20	445280983461	121.61
20	49318592318	86.49
20	441842281998	126.92
20	49227291673	89.71
21	446380566300	89.74
21	49459993881	89.41
21	48242219996	244.23
21	33249516915	30.81
21	48263003628	229.04
21	445507259970	100.07
21	443379027192	86.19
21	49188264689	85.98
21	33692394690	31.08
21	48137934468	204.56
21	446998576274	92.04
21	442656593692	137.38
21	48604902268	204.83
21	48368014502	236.01
21	48285512756	199.55
21	48676545313	195.28
21	49447192956	77.78
21	48164712924	221.29
21	396570566160	109.08
21	443408940741	104.58
21	442680584964	117.66
21	48415406448	177.12
21	48641445198	206.47
21	49231753914	86.50
21	48136435056	169.70
21	391789016730	128.95
21	33423860843	30.15
21	49598573931	85.92
21	393442529962	126.58
21	49469519538	84.06
21	48458765498	200.35
21	48510070723	155.51
21	48414144856	209.56
21	48262896767	175.62
21	48493035922	202.13
21	48617732352	190.69
21	446040396593	119.86
21	48525643358	218.12
21	446274987484	128.68
21	48409364949	200.27
21	33487935136	28.33
21	49245101307	82.30
21	49253240251	80.86
21	392711658340	120.06
21	392889370737	104.01
21	33366826191	29.43
21	446067678104	123.74
21	441483121152	89.54
21	48277698677	141.50
21	48321760060	168.67
21	48523770714	198.61
21	49508673661	95.04
21	49463533615	89.69
21	33202195360	28.65
21	49515098017	79.95
21	48322548824	181.56
21	48550937401	243.73
21	393214052103	119.28
21	33284668996	31.95
21	49392601558	94.83
21	33559161251	30.41
21	49244325017	90.38
21	49507758888	80.88
21	33690154210	28.67
21	48219227090	214.31
21	48337587400	178.63
21	48675157538	188.78
21	48556175217	175.03
21	48429697008	178.43
21	48161568979	187.46
21	48472428575	217.39
21	48388768777	187.71
21	48293793495	222.23
21	48528950323	190.64
21	48370357095	267.07
21	444857887959	106.80
21	442561504818	137.69
21	444055747242	121.80
21	396892311168	122.80
21	48326873705	262.83
21	48231723958	172.39
21	49179060327	81.77
21	48574921739	205.95
21	48292410333	175.73
21	48476380380	230.46
21	392186570593	125.24
21	396300105177	120.34
21	446948049745	120.66
21	441365077668	127.46
22	33521985357	30.70
22	443909352544	102.05
22	49627113529	77.46
22	48195885886	185.37
22	396570476616	139.08
22	49345251005	90.52
22	392236596605	146.00
22	48216129273	163.58
22	49144196220	84.34
22	48509667940	196.75
22	48237399495	278.18
22	445461086581	94.72
22	48330436861	171.55
22	48567831123	237.77
22	49392071657	73.99
22	48355676017	124.49
22	48362044816	224.91
22	395608585410	112.00
22	49427908360	82.43
22	442491673227	118.40
22	48315765184	178.52
22	396410674093	151.39
22	443245800749	125.76
22	48453131126	204.11
22	33330720215	31.86
22	395540210035	135.59
22	443534763239	93.06
22	48285422510	203.25
22	48111041534	208.70
22	49655654642	84.49
22	443597081571	130.68
22	33634243570	32.25
22	444557511841	85.24
22	446402868549	98.25
22	446877595514	136.09
22	445307676594	133.15
22	48616194539	185.94
22	48439024856	217.61
22	49235754157	94.88
22	393831938507	124.51
22	33184491451	29.16
22	33277883395	27.80
22	442380667119	87.36
22	49413602968	81.20
22	442023485252	123.76
22	48203727850	187.52
22	443263052999	97.03
22	48511266216	217.90
22	48465945307	228.89
22	49277580184	90.47
22	48384025771	181.62
22	49201491423	78.25
22	443096865355	127.26
22	48542803528	221.54
22	393469984188	151.46
22	33216817379	30.75
22	48154213573	193.57
22	446336357386	115.96
22	444143596996	98.52
22	48327046756	231.06
22	48221789436	231.67
22	49540224129	96.32
22	393554202028	126.44
22	48559361939	157.78
22	49594067767	89.06
22	48627654702	272.06
22	443147318509	128.91
22	48153371764	139.65
22	441424610028	115.69
22	48521703652	250.69
22	392057657361	115.10
22	49244904355	85.72
22	33195953371	30.02
22	33116882388	29.18
23	443934880029	103.27
23	48401904748	176.24
23	395409830477	136.65
23	49276098420	86.51
23	444887532760	83.77
23	48574035610	223.92
23	48372045395	205.36
23	442982989081	79.26
23	48219997546	194.45
23	48284078513	209.11
23	33272527857	31.44
23	48434126441	273.14
23	441650377389	123.43
23	49281886974	82.63
23	48527739492	246.92
23	33398776580	30.86
23	48237650001	168.82
23	48146993945	148.90
23	445678776496	123.92
23	444459959630	101.85
23	48384784854	168.04
23	48255941573	148.10
23	49429460354	90.94
23	33673422980	29.74
23	446782016055	95.56
23	33240830528	28.29
23	49535882217	81.35
23	441811330807	118.49
23	48276474591	185.35
23	48500307407	187.12
23	443018165767	111.87
23	442733614777	105.00
23	441127032423	107.04
23	443187056074	112.33
23	33634341423	28.90
23	33338550297	28.13
23	48592396822	208.35
23	48567176167	194.19
23	391993549830	118.89
23	48615492448	196.05
23	49679658877	86.57
23	444425141675	91.92
23	48616925630	183.51
23	441587962030	141.02
23	49697704738	77.44
23	48581480154	253.79
23	49686845937	78.98
23	49158650794	80.87
23	33688869322	29.30
23	48166234949	227.11
23	49419044783	86.89
23	48414291710	142.93
23	48247079194	201.98
23	33669300515	32.88
23	49348856957	85.45
23	48350777229	168.32
23	442512824535	116.22
23	445021180520	108.61
23	443398383001	114.99
23	49468451814	78.28
23	49220969102	87.92
23	396137548191	135.43
23	442364309327	109.76
23	48273919824	252.66
23	48218428538	211.00
23	49627153882	94.63
23	444827121544	114.32
23	441887510846	123.57
23	442802524670	105.39
23	395842701838	106.39
23	33311306784	28.14
23	48362675547	223.17
23	48462648753	200.56
23	48186546232	202.85
23	48304073354	217.90
23	48405165665	219.29
23	48127902672	250.92
23	49558940306	89.45
23	393927830752	120.71
23	49195547249	82.25
23	48609051155	206.24
23	49391573492	84.88
23	48622710471	202.27
23	445923954672	129.87
23	49283550341	80.46
23	33358764171	30.92
23	49126128225	85.92
23	445441140272	129.28
23	48291781968	148.49
23	48162663575	165.62
23	49128896478	83.71
23	49648489502	83.06
23	444492641445	108.44
23	49649406055	90.28
23	49285479671	88.15
23	33130150014	27.00
23	442049513489	129.57
23	443851398006	113.14
23	48451763341	185.65
23	48122783611	181.43
23	48360979397	197.93
23	443340914135	106.51
23	48226233069	194.94
23	443602107212	89.87
24	48523602511	222.54
24	48135765965	242.28
24	48587949426	176.24
24	49222201136	83.25
24	395769125616	105.83
24	446421523239	83.64
24	446518516013	107.77
24	442774954195	108.70
24	49193431599	81.54
24	442084265097	111.87
24	49638554242	88.52
24	394428279106	128.42
24	445433234033	102.93
24	48685582246	261.78
24	49598282288	87.99
24	396769046792	133.36
24	394542348127	119.54
24	48644511627	194.58
24	48356727952	229.62
24	49507371748	79.65
24	446364963754	113.21
24	49164702942	85.08
24	49483178494	87.26
24	48569151089	184.63
24	444815044118	112.12
24	48130689827	195.72
24	48345365419	157.39
24	33316504103	28.93
24	445518709854	123.10
24	49406531619	85.20
24	395653131573	123.17
24	48653960680	238.39
24	48350166036	275.10
24	48618981858	236.08
24	444934661972	98.76
24	49171517268	85.15
24	49310119966	82.55
24	49242641453	91.19
24	49257843442	81.00
24	441863677291	106.97
24	48394166381	224.22
24	442493133861	103.88
24	49230910562	86.33
24	445550967294	125.90
24	393937705473	135.20
24	48295299609	201.21
24	48474384972	200.98
24	48527054477	197.20
24	442709667375	85.98
24	48190339370	157.88
24	441564445791	95.99
24	48351530257	222.31
24	49505272117	82.76
24	49566856270	77.59
24	444328648879	125.25
24	445508783478	91.58
24	33513956507	29.67
24	48177373939	211.27
24	442309945093	119.54
24	48478717426	195.67
24	445907441200	104.19
24	48345617795	223.33
24	49176938009	88.14
24	49430115988	88.44
24	444750515974	129.13
24	48306971569	252.35
24	48123137762	210.38
24	48643721716	230.64
24	48557854795	186.24
24	391386820577	149.88
24	393517434383	155.48
24	49669899598	85.96
24	48294884521	188.85
24	48368214483	225.19
24	48215224672	239.48
24	33698629433	31.19
24	48269458171	259.18
24	443463863129	68.39
24	48302269420	207.80
24	443502945908	112.84
24	48210221399	165.10
24	48328117735	234.72
24	48637170389	166.89
24	49242047729	81.13
24	48431179474	217.39
24	49454152969	85.27
24	49580603149	87.31
24	443816058182	146.05
24	48210208568	208.62
24	48609969428	244.40
24	48393046792	188.54
24	48199658531	220.47
24	48607464569	147.92
24	48289652979	184.09
24	396497840478	116.97
24	444323429580	135.60
24	48420342777	203.19
24	444335314141	126.51
24	33146504053	29.87
24	441256153633	114.85
24	49664519704	83.44
24	446695037145	101.81
24	49199368736	85.33
24	48632813404	161.78
24	443973748967	112.97
24	33117687597	30.63
24	33491312081	29.76
24	48537430397	152.99
24	48552759210	219.96
24	48387442249	159.13
24	48646134282	196.53
24	48136123028	211.31
24	48347926955	201.64
24	446364926714	95.61
24	48361046000	210.08
24	396875152678	130.91
24	48459444425	183.26
24	33687100886	29.91
24	49576316407	78.05
24	49545006245	83.38
24	396298589831	118.01
24	48442230352	176.87
24	49598514400	88.67
24	48273628181	195.91
24	49508728539	86.23
24	48672929642	176.45
24	48475877287	159.28
24	441755341776	104.96
24	49627964445	86.18
24	48170718450	143.73
24	49464789828	84.59
24	49417403156	84.91
24	442504082193	117.79
24	442851068440	128.93
24	49472273171	84.12
24	48381892244	200.60
24	445980488913	113.36
24	49440846549	90.68
25	48463262714	182.20
25	49575545004	89.55
25	48314242521	209.73
25	48251159375	189.37
25	48674953545	219.49
25	48578549273	174.50
25	443072291975	119.43
25	48315454374	204.89
25	49134031914	87.07
25	48177929483	201.52
25	48247359538	227.04
25	48551759451	209.71
25	48480330423	169.75
25	48698446413	203.90
25	443934919616	121.85
25	48426692972	213.70
25	48591573918	179.48
25	49419993971	81.74
25	48565547199	208.80
25	48194097316	210.37
25	48641088815	214.68
25	49497408373	85.31
25	393623971806	166.53
25	49287564123	81.27
25	393087199925	131.15
25	49496990474	80.35
25	48129432508	221.19
25	442917600083	136.35
25	446052345661	133.52
25	48126946737	175.26
25	48369233184	178.28
25	48310900041	210.14
25	48648365957	192.08
25	48314893646	262.42
25	441163413688	105.27
25	441816024070	92.63
25	49487078547	80.39
25	48680929149	251.76
25	445164131330	119.93
25	33410052386	28.68
25	48647471785	255.12
25	443496686772	108.37
25	48659407315	200.15
25	33520361110	32.44
25	446383958802	128.43
25	49440349796	83.71
25	445066374229	106.52
25	443593419980	107.89
25	442462765177	97.11
25	48450551813	253.46
25	48360418369	185.89
25	391411282897	104.79
25	49136142156	87.36
25	48454518230	245.45
25	444047835704	82.10
25	49178340297	84.53
25	444818365482	118.58
25	441559893718	101.84
25	48598583916	170.44
25	49612131890	90.41
25	49425090442	80.28
25	395364221410	104.69
25	443953518673	115.97
25	48611563407	243.30
25	48256389201	200.65
25	446813882430	119.56
25	48511452152	188.32
25	48421379895	173.64
25	33197006319	30.25
25	49274644972	89.54
25	48325453126	172.03
25	444862360855	102.29
25	49250868976	86.64
25	445743406165	148.00
26	48511913745	206.37
26	443612349022	92.81
26	442636929555	91.90
26	48285903441	222.52
26	48556189809	224.01
26	33163422442	28.82
26	48269734127	202.61
26	444135433713	113.85
26	445391374474	102.99
26	396420455659	108.76
26	396554016832	164.46
26	444232361118	111.44
26	444352701869	106.61
26	48694009266	225.60
26	442079844805	91.13
26	48172048382	234.99
26	48224987332	254.06
26	396874089898	123.66
26	49480524829	90.99
26	393413104681	115.61
26	49590568816	82.11
26	48377471068	228.21
26	48155880912	196.19
26	441161448848	137.82
26	443672449465	92.29
26	444004628278	103.34
26	395799827708	120.34
26	443028702250	118.12
26	394187360428	140.37
26	49356740344	72.60
26	48491927773	198.93
26	48152614434	221.71
26	48520338983	255.39
26	445383065280	100.96
26	48513558335	197.52
26	33294473531	30.50
26	49440603612	89.13
26	49174223325	78.40
26	48289725410	155.20
26	446101814453	128.04
26	48370798623	202.67
26	441386904708	96.06
26	48479649779	203.35
26	49254433421	85.37
26	48696429694	211.50
26	396978289191	145.82
26	443528619730	99.40
26	444344565055	115.22
26	49328805944	88.00
26	48447997799	214.85
26	442587317203	114.54
26	48576967558	200.91
26	48405853345	255.76
26	48312929373	211.90
26	48121882264	241.37
26	48133224171	187.39
26	443172847019	115.81
26	49447708911	85.68
26	48627694341	183.72
26	48213804744	177.03
26	48528391117	224.90
26	33162963815	30.12
26	393757077209	119.69
26	48488345214	245.87
26	49678732929	88.44
26	48529760291	156.26
26	48288543467	203.71
26	48290296196	218.77
26	33142285110	32.03
26	392899236088	124.72
26	48523066242	205.35
26	442140586074	95.16
26	396260137687	110.21
26	48281796289	239.92
26	48534604098	239.88
26	33195520910	32.50
26	444400409303	92.34
26	49690715052	81.30
26	48424429810	220.97
26	48115684321	230.13
26	49470187916	79.43
26	49442629185	80.32
26	441560460682	104.25
26	445797062044	90.75
26	443793165989	112.06
26	48325577898	217.54
26	49525466634	77.42
26	48411239823	174.37
26	396902894153	170.86
26	48531022038	221.72
26	48160747839	264.30
26	49398006650	85.50
26	49230436030	80.30
26	48285220396	170.92
26	33500173546	29.26
26	444242938447	103.90
26	48335008227	246.97
26	396019889619	132.15
26	49129939210	85.73
26	48309741544	130.45
26	48403304877	217.94
26	48323791860	213.79
26	33496730903	30.58
26	445957373238	104.93
26	445844729410	106.66
26	48500763616	153.60
26	48161607650	213.55
26	48345781574	230.61
26	49426541811	80.93
26	49499931412	90.31
26	446978743243	79.01
26	48467897741	257.47
26	446864049433	131.47
26	48411007208	189.68
26	48680420840	237.27
26	442504378739	109.85
26	48153209096	200.74
26	48369724629	234.00
26	48531290291	203.71
26	445607849639	107.22
27	48570391302	236.33
27	445322298540	102.49
27	445442869426	97.86
27	48690334719	220.23
27	49673480845	80.98
27	48455930197	203.18
27	391517695014	142.14
27	442971303234	123.48
27	391257534271	79.18
27	48572069039	222.75
27	48439833505	205.50
27	48582088501	131.97
27	48455247983	199.26
27	445069223870	103.89
27	48202617807	248.29
27	48620198281	139.09
27	49181813467	77.00
27	49638001633	80.84
27	48206589212	231.75
27	49535492850	83.82
27	443077703944	69.71
27	33461955889	30.01
27	48115320607	207.42
27	49639481177	85.32
27	33614805565	31.81
27	48136073787	217.30
27	441217878798	122.68
27	48510052609	218.79
27	33650497463	31.69
27	48296457865	202.82
27	444753143179	115.63
27	48282940468	197.08
27	393241735482	145.10
27	445866829343	86.06
27	48289841273	186.15
27	49509838826	89.92
27	48193713690	272.03
27	48576133126	213.67
27	446211655761	112.57
27	396680153517	116.10
27	446536003751	104.36
27	48293600881	163.25
27	48179597624	155.37
27	48548278778	181.51
27	49471285594	81.74
27	446223790803	121.54
27	48173361445	223.44
27	33227442189	28.27
27	393519080898	151.49
27	48351348505	184.04
27	48424585667	200.19
27	444233400864	116.57
27	392327177068	102.53
27	33481134993	30.81
27	48166019675	211.17
27	446457949237	84.98
27	442454408667	133.73
27	48505910302	226.20
27	442944502749	92.18
27	49228273405	89.70
27	441952382713	93.25
27	48635371013	158.29
27	49111021488	83.57
27	49376181874	85.59
27	48675187289	184.43
27	48489894523	223.02
27	49684265700	87.36
27	446731713102	100.98
27	392990116479	157.35
27	443243474642	116.89
27	445123954920	107.15
27	392099828915	134.16
27	395644362046	126.61
27	444747598379	99.40
27	48642815313	210.44
27	49675361889	92.00
27	443547129854	100.84
27	48234831603	221.22
27	49205155457	91.51
27	446533195616	101.47
27	48684616790	246.54
27	48584437637	219.79
27	48491572708	196.10
27	48285061678	230.48
27	48316814831	162.96
27	48144593886	177.40
27	441398792849	92.80
27	49300682561	76.97
27	442417725245	118.37
27	33253803129	29.67
27	49123044960	77.24
27	445943384661	130.52
27	445536829088	108.23
27	48199980931	258.73
27	445063512560	117.12
27	49458110053	84.22
27	48467054785	234.95
27	49260087297	84.65
27	446262585394	88.91
27	48472162764	224.54
27	441958366133	116.75
27	445762233001	83.38
27	48575062438	179.41
27	444127505012	114.09
27	396589506949	176.26
27	444687036642	97.87
27	48665441146	236.05
27	48512529346	270.42
27	48491859549	250.55
27	48289720660	228.39
27	392885980897	96.74
27	48172207324	229.92
27	33520158474	30.13
27	444687140340	112.95
27	48545775411	211.33
27	48116693064	205.72
27	48182780729	239.64
27	48110715486	202.15
27	443175586488	111.39
27	48496250744	132.57
27	446736331237	102.95
27	48343486268	234.23
27	393484792512	92.14
27	442534701063	118.86
27	442150913757	117.79
27	442076532615	87.34
27	48291276795	234.79
27	49497598651	82.67
27	48217021882	208.62
27	48348303814	193.66
27	48408342702	213.04
27	48151573424	239.96
27	443860407041	104.14
27	48242852584	212.56
27	48413374708	143.89
27	444597856371	112.05
27	48564801792	199.83
27	442558653405	145.08
27	48304421772	151.72
27	444075243667	101.23
27	49420900366	76.06
27	48692723761	200.17
27	48630048673	195.14
27	48455132928	205.34
27	443550610334	95.12
27	48501043004	175.13
27	49534773057	83.38
27	444252397654	122.54
27	33179251631	30.39
27	394392864460	91.25
27	48627314665	246.03
27	48544422657	228.57
27	395597687633	136.41
27	48618351645	160.32
27	48196699751	211.69
27	48611856489	200.06
27	49584406155	89.86
27	444957481475	114.21
27	48676303069	229.52
27	48628008414	216.23
27	48203315366	229.98
28	49394865490	89.89
28	443502138436	117.56
28	443828828858	117.17
28	33218650132	29.26
28	49332624945	89.00
28	392251769867	147.49
28	33327045725	30.77
28	33509196637	32.44
28	395728438041	119.58
28	445114961337	97.69
28	395266892535	131.77
28	49340057961	85.09
28	48131504984	225.04
28	441680937800	110.75
28	48370943210	164.41
28	394541888448	120.33
28	443333267905	98.93
28	33301988746	30.85
28	33685107148	31.88
28	442262749871	118.96
28	442604217549	108.16
28	445956885415	115.35
28	441703503798	92.98
28	48543093649	230.69
28	393418396852	134.36
28	48566308582	205.00
28	48544881891	225.30
28	49315688098	89.15
28	48249781881	232.65
28	33307612416	29.51
28	48164740186	222.79
28	48329847346	256.88
28	48575736066	142.42
28	48395942950	185.89
28	446445457129	120.96
28	445044700799	124.17
28	49674317364	88.12
28	444592494849	106.85
28	48110698331	188.04
28	441264684944	122.12
28	48441575425	183.73
28	33615770069	29.85
28	48177750811	244.04
28	48551243511	199.22
28	48517862315	232.61
28	446680197951	121.80
28	49449777833	82.39
28	48659002763	172.12
28	48159244689	185.63
28	49400409689	84.07
28	48246764724	186.29
28	49462773396	80.47
29	48511059768	191.47
29	444288489843	124.39
29	33669051209	31.48
29	441129180558	90.89
29	48689451484	193.37
29	48190137716	218.25
29	49284569738	67.29
29	445142333424	118.91
29	442971744733	111.23
29	49355330149	87.73
29	443064241198	111.22
29	442699290678	125.16
29	445195286733	128.47
29	48315176520	178.14
29	48148592046	263.73
29	48633902452	250.50
29	446511864537	116.86
29	444838115698	108.27
29	49563471955	82.93
29	33540548545	29.49
29	48635526372	203.94
29	443459812143	113.85
29	48159903341	207.91
29	49127263105	88.26
29	49237371768	83.44
29	49216880909	85.44
29	49371691170	95.27
29	444455350914	90.45
29	48474588864	199.52
29	33577488393	28.44
29	49393832907	87.48
29	48128059142	127.41
29	442680633525	119.66
29	48530375857	194.63
29	391290301722	111.85
29	48505586483	215.89
29	445686842207	106.13
29	48309604597	185.53
29	48398430757	182.53
29	48300842127	207.08
29	48418590822	220.83
29	445665683396	95.05
29	48598197886	184.75
29	48491964131	213.38
29	48243181589	270.39
29	48630593912	176.47
29	445451471936	119.54
29	33404836298	29.21
29	33415970444	29.93
29	441878914120	121.34
29	49328767962	79.37
29	33684091575	27.64
29	443085385335	111.55
29	446285867268	85.18
29	48617040254	189.03
29	441911070705	93.54
29	48123362584	231.86
29	392811249843	162.27
29	48436054668	191.31
29	48591050353	195.16
29	394402068980	108.50
29	48483761806	212.98
29	48370550137	219.15
29	48146868829	209.77
29	396256797622	127.36
29	392461046205	138.07
29	48656045674	192.28
29	48479328220	266.09
29	444172037045	92.60
29	392422846995	114.40
29	48353107077	206.13
29	48542428474	171.18
29	48501577792	207.65
29	49200521442	82.77
29	33168933412	30.10
29	48121872178	225.98
29	48685754311	193.64
29	442369817864	124.62
29	48606255154	255.49
29	48458592662	216.46
29	443819648281	112.79
29	48433315527	198.54
29	48589841807	180.69
29	49243064596	79.43
29	445944328223	81.77
29	33352640231	28.74
29	443330976624	115.07
29	49361840337	87.60
29	49676075731	77.97
29	48227408222	235.38
29	33528061360	30.96
29	49590458099	90.73
29	48280585149	189.20
30	48307809003	208.85
30	395696997818	86.72
30	48331183323	204.00
30	48651314188	251.90
30	393511778554	127.53
30	49584519244	85.05
30	33635791196	29.20
30	48144983180	214.69
30	446802044288	90.11
30	48444083291	124.13
30	49368409769	81.98
30	444236589257	95.98
30	49460024014	90.68
30	441369496784	97.30
30	49120629788	82.41
30	33551758333	28.50
30	48117224140	197.47
30	48693961601	201.46
30	48269963118	216.01
30	48607206422	202.86
30	48429581649	219.66
30	48258576375	155.99
30	446942647585	105.83
30	48397070448	186.82
30	48573798869	216.18
30	48645694676	213.76
30	445849137030	112.43
30	48250705473	225.81
30	48314362901	196.60
30	48211714345	214.70
30	395706977131	153.58
30	441301888583	112.19
30	48269840880	190.60
30	443698408366	103.71
30	445741072137	127.24
30	33148211858	30.11
30	446373494867	138.06
30	33148008918	30.10
30	49164624050	92.66
30	393970331843	134.61
30	48536202312	235.52
30	393124288783	98.78
30	394840761671	142.44
30	48273897582	211.60
30	441883668550	112.37
30	446980363004	127.86
30	394623989710	133.17
30	391300947403	145.65
30	48526822734	223.60
30	33152318816	30.96
30	48480810243	168.33
30	49283585077	90.09
30	48483922617	172.64
30	48571619635	199.89
30	445949673084	104.68
30	49168366428	79.14
30	48158472824	225.66
30	396168371922	158.02
30	48327364967	166.55
30	48569415429	236.09
30	445745759550	121.87
30	48334639794	225.99
30	445220087642	128.60
30	48533421941	183.59
30	48229727555	240.93
30	33400233614	29.08
30	49155742668	83.31
30	49354877604	84.42
30	443026802892	113.20
30	48153709344	225.46
30	48189528306	198.16
30	49487624591	79.60
30	49481662790	89.14
30	393574044570	149.96
30	48344696526	183.85
30	48179494221	234.11
30	48660594481	217.01
30	33410540187	30.66
30	48128018120	161.50
30	48417772896	146.66
30	395553951802	121.13
30	446250408355	98.21
30	445588706962	145.42
30	49491053359	80.24
30	48633016023	173.64
30	444264558055	130.60
30	48532088841	207.63
30	445145072042	101.32
30	48210023253	184.54
30	33651456596	29.08
30	48292900773	166.81
30	49402452127	82.53
30	443192656644	115.39
30	49397527244	81.94
30	443192925145	98.12
30	33373423532	29.09
30	48399404764	169.65
30	443350529107	113.07
30	48327425271	188.07
30	49419112506	85.21
30	49289063431	86.68
30	48607018979	256.57
30	446546070725	111.52
30	442644598328	122.15
30	48590217441	220.00
30	444733005940	129.00
30	49635795480	88.25
30	445326416455	101.17
30	33180318726	31.31
30	49281680839	86.79
30	442501870999	92.34
30	48177573728	204.66
30	49235784175	89.74
30	48499152104	239.99
30	48431417414	231.64
30	445563627142	105.24
30	49300527534	90.70
30	48638562406	206.26
30	393414287577	107.11
30	48688610712	191.36
30	442851454595	126.01
30	49446140739	82.01
30	394037041949	107.63
30	445422424558	119.41
30	33551441242	29.81
30	48678435841	211.11
30	446462894560	123.00
30	49284057564	91.74
30	48615515921	144.40
30	48666065012	135.24
30	48421846459	200.73
30	444482133807	106.21
30	445773519623	112.45
30	48395311923	222.70
30	442005610223	109.30
30	48270180232	246.19
30	393885713236	105.62
30	444900679351	129.90
30	441173996585	94.98
30	48330826125	223.97
30	395446994891	134.21
30	444733373630	80.31
30	48114137785	207.84
30	442639109473	89.43
30	48609660780	210.03
30	48143934615	151.61
30	33435765808	28.20
30	49610508640	89.47
30	48367140911	234.73
30	33138354208	30.85
30	33294946675	28.08
30	48285232214	196.80
30	395241911679	108.40
30	48379982650	227.36
30	33343911244	31.66
31	33127110415	29.09
31	33484847556	31.40
31	33320618191	28.03
31	443935025424	108.17
31	442568240828	117.93
31	48388258745	218.85
31	48412103732	233.13
31	49173354088	91.39
31	392524827114	134.57
31	49149138237	92.31
31	48357203901	224.65
31	49251120913	89.21
31	48315649326	231.83
31	48538194737	168.55
31	444195065114	111.03
31	48209721150	210.50
31	445888397264	108.87
31	49240147307	82.24
31	48414181013	145.12
31	48483014940	206.24
31	49524641882	87.03
31	48574967320	184.38
31	441978704325	116.42
31	442178876821	108.34
31	49500295475	95.01
31	49247873862	75.73
31	48283442414	134.02
31	49534942466	88.19
31	48217078231	219.85
31	49168697940	83.85
31	443575007197	86.38
31	48664513355	166.52
31	48293284975	168.29
31	48489260950	178.67
31	49148897254	87.19
31	48431174244	210.50
31	48391976300	181.12
31	48451401098	207.93
31	49230671230	79.48
31	395153579698	124.04
31	49503227215	76.72
31	442482906425	110.22
31	444835860147	137.03
31	446286345888	129.23
31	443202967296	123.92
31	49450128175	88.38
31	48199930313	234.99
31	49541295898	87.33
31	446412224449	104.40
31	392367485089	119.30
31	49146555059	90.63
31	49592180293	84.43
31	444214182804	129.87
31	396956134112	162.85
31	394496643645	137.89
31	443943072660	107.33
31	442284962475	90.11
31	443246974664	109.60
31	48389472387	173.34
31	442387815814	96.78
31	48639328378	223.66
31	49473079052	88.82
31	444324220351	67.82
31	33606080758	27.73
31	33471681713	29.44
31	49629045595	81.69
31	441160751071	103.31
31	443663165904	141.18
31	445126049234	111.67
31	444408950488	85.30
31	392723897970	127.16
31	392213181320	137.05
31	48389607209	210.29
31	443082703679	102.61
31	446710846109	90.67
31	443816418213	106.62
31	393310615834	118.36
31	49224705205	86.84
31	48650489190	157.19
31	395376254999	137.82
31	443214824441	97.65
31	48621196926	252.67
31	48470397757	213.62
31	33207559166	30.14
31	48616361840	177.71
31	33454575161	28.30
